1 0.8072745E+07 0.9202671E+07 0.9206959E+07
2 0.1299126E+06 0.1274000E+06 -0.4217373E+06
3 0.3200207E+06 0.3181631E+06 0.2528859E+06
4 0.3226632E+06 0.3207318E+06 0.2559688E+06
5 0.4327460E+06 0.4193133E+06 0.3261846E+06
6 0.4471329E+06 0.4335869E+06 0.3420146E+06
7 0.1549492E+06 0.1613340E+06 0.1055322E+06
8 0.1478483E+06 0.1548209E+06 0.1057322E+06
9 0.1059440E+07 0.9784039E+06 0.3410275E+06
10 0.1038402E+07 0.9826746E+06 0.3533769E+06
11 0.1502464E+06 0.1562103E+06 0.1077767E+06
12 0.1878023E+06 0.1920273E+06 0.1303803E+06
13 0.4385960E+06 0.4412817E+06 0.3285122E+06
14 0.4677007E+06 0.4652076E+06 0.3217018E+06
15 0.1805145E+06 0.1881368E+06 0.1535785E+06
16 0.7441640E+07 0.6744204E+07 0.5147173E+07
17 0.1709469E+06 0.1747946E+06 0.1270343E+06
18 0.1891110E+06 0.1943251E+06 0.1285559E+06
19 0.3637328E+06 0.3606406E+06 0.2507461E+06
20 0.5117165E+06 0.5083843E+06 0.2638062E+06
21 0.3737083E+06 0.3701118E+06 0.3407943E+06
22 0.2040657E+06 0.2116834E+06 0.1658869E+06
23 0.1998502E+06 0.2080127E+06 0.1397654E+06
24 0.1430024E+07 0.1379857E+07 0.4987694E+06
25 0.2090262E+06 0.2144057E+06 0.1407683E+06
26 0.1515736E+07 0.1336547E+07 -0.2467900E+05
27 0.1900161E+06 0.1981030E+06 0.1342977E+06
28 0.1600637E+06 0.1618075E+06 0.1465691E+06
29 0.2161748E+07 0.2107381E+07 -0.1737216E+07
30 0.2480256E+06 0.2553836E+06 0.1624480E+06
31 0.5191277E+06 0.4607712E+06 0.2198555E+06
32 0.1691928E+06 0.1707548E+06 0.1566320E+06
33 0.1819593E+06 0.1892019E+06 0.1424734E+06
34 0.3220451E+06 0.3217051E+06 0.2836091E+06
35 0.3022263E+07 0.2507241E+07 0.2187862E+06
36 0.1644864E+06 0.1704335E+06 0.1121485E+06
37 0.4825925E+06 0.4765349E+06 0.2625330E+06
38 0.2282677E+06 0.2229857E+06 0.1865997E+06
39 0.2346427E+06 0.2380536E+06 0.1460387E+06
40 0.4859941E+06 0.4751316E+06 0.2206473E+06
41 0.1968239E+07 0.1773239E+07 0.8795290E+06
42 0.6528760E+05 0.7360472E+05 0.6263506E+05
43 0.1950864E+06 0.1931817E+06 0.1372877E+06
44 0.1708060E+06 0.1747419E+06 0.1006869E+06
45 0.4466042E+06 0.4400966E+06 0.2132488E+06
46 0.1211799E+07 0.1050980E+07 -0.4168627E+04
47 0.1251720E+06 0.1332111E+06 0.1090464E+06
48 0.1745069E+06 0.1793952E+06 0.1247595E+06
49 0.1981307E+07 0.1154857E+07 0.4377903E+06
50 0.3285538E+06 0.3312220E+06 0.1410047E+06
51 0.3598136E+06 0.3518798E+06 0.6753073E+05
52 0.2062227E+06 0.2137576E+06 0.1414434E+06
53 0.4788592E+06 0.4764198E+06 0.1375671E+05
54 0.1999281E+06 0.2063995E+06 0.1061789E+06
55 0.4836613E+07 0.2393227E+07 0.2495924E+07
56 0.2076193E+06 0.2102228E+06 0.1650598E+06
57 0.2418524E+06 0.2422228E+06 0.1224671E+06
58 0.4097115E+06 0.4077905E+06 0.2846744E+06
59 0.8611725E+06 0.7894316E+06 0.2270735E+06
60 0.2013493E+06 0.2067604E+06 0.1435052E+06
61 0.3595733E+06 0.3491798E+06 0.3262214E+06
62 0.6245808E+07 0.6120980E+07 0.5562422E+06
63 0.3957575E+06 0.3903566E+06 0.1576986E+06
64 0.2673090E+06 0.2646259E+06 0.3982566E+05
65 0.2033631E+06 0.2017332E+06 0.1712497E+06
66 0.4579549E+07 0.3906205E+07 0.1560670E+07
67 0.2038734E+06 0.2100532E+06 0.1547348E+06
68 0.1964653E+06 0.1982953E+06 0.1564638E+06
69 0.5655259E+06 0.5393267E+06 0.2516733E+06
70 0.2310254E+06 0.2356355E+06 0.1425799E+06
71 0.4426125E+06 0.4273016E+06 0.1802085E+06
72 0.1617086E+07 0.1498339E+07 0.7248093E+06
73 0.2708599E+06 0.2786511E+06 0.1868713E+06
74 0.2531722E+06 0.2494538E+06 0.1676769E+06
75 0.1368754E+07 0.1285717E+07 0.1282448E+07
76 0.2456532E+06 0.2484855E+06 0.1821024E+06
77 0.1737661E+06 0.1800944E+06 0.1221292E+06
78 0.7864103E+06 0.6636265E+06 0.3095131E+06
79 0.4624204E+06 0.4573835E+06 0.2345576E+06
80 0.2325193E+06 0.2370704E+06 0.1567125E+06
81 0.7632257E+07 0.1077329E+08 0.1077832E+08
82 0.1618579E+06 0.1629985E+06 0.1254698E+06
83 0.9855241E+05 0.1029973E+06 0.7641712E+05
84 0.2575164E+06 0.2578947E+06 0.2016664E+06
85 0.2802636E+06 0.2798435E+06 0.1792126E+06
86 0.2335289E+06 0.2409852E+06 0.1521970E+06
87 0.4526266E+06 0.4443822E+06 0.3178573E+06
88 0.1720507E+06 0.1800970E+06 0.1131710E+06
89 0.1099241E+07 0.1013131E+07 0.4480958E+06
90 0.1871060E+06 0.1920625E+06 0.1009878E+06
91 0.1148007E+07 0.1082446E+07 0.4363913E+06
92 0.2485963E+06 0.2538567E+06 0.1793193E+06
93 0.1484614E+06 0.1506469E+06 0.1159408E+06
94 0.8414755E+06 0.7674093E+06 0.5751217E+06
95 0.3740085E+06 0.3742967E+06 0.2133877E+06
96 0.2252617E+06 0.2315997E+06 0.1587786E+06
97 0.1316895E+07 0.1225561E+07 0.2566736E+06
98 0.2994977E+07 0.2695257E+07 0.4771098E+06
99 0.2452817E+06 0.2468695E+06 0.1550450E+06
100 0.1777558E+06 0.1790938E+06 0.1457182E+06
101 0.3267447E+06 0.3130008E+06 0.2416643E+06
102 0.3879612E+06 0.3855598E+06 0.2642295E+06
103 0.2805796E+06 0.2844551E+06 0.1685032E+06
104 0.3020894E+06 0.3018436E+06 0.2974521E+06
105 0.1193273E+07 0.1151949E+07 0.9551329E+06
106 0.3166101E+06 0.2947631E+06 0.1595218E+06
107 0.2009144E+06 0.1972378E+06 0.1443259E+06
108 0.2771479E+06 0.2767294E+06 0.1035895E+06
109 0.6533649E+07 0.9088542E+07 0.9090093E+07
110 0.2169672E+06 0.2125854E+06 0.1757074E+06
111 0.2482862E+06 0.2454424E+06 0.2006937E+06
112 0.3008585E+06 0.2985258E+06 0.2676793E+06
113 0.3655986E+06 0.3569625E+06 0.2573763E+06
114 0.2308383E+06 0.2130291E+06 0.2040110E+06
115 0.1926636E+06 0.2000415E+06 0.1604416E+06
116 0.5796545E+06 0.5507203E+06 0.3615200E+06
117 0.2083619E+06 0.2130392E+06 0.1332667E+06
118 0.1144730E+07 0.1097332E+07 0.3726311E+06
119 0.5742278E+06 0.4890286E+06 0.3538767E+06
120 0.1913730E+06 0.1900233E+06 0.1395609E+06
121 0.1926674E+06 0.1994376E+06 0.1449031E+06
122 0.3694279E+06 0.3702932E+06 0.2204200E+06
123 0.8076361E+07 0.6988346E+07 0.5462202E+07
124 0.8939194E+05 0.9228120E+05 0.8663389E+05
125 0.2227873E+06 0.2122773E+06 0.1659863E+06
126 0.2721261E+06 0.2755380E+06 0.1712063E+06
127 0.3321638E+06 0.3258573E+06 0.3010399E+06
128 0.8220449E+06 0.8013725E+06 0.3836579E+06
129 0.1799898E+06 0.1883323E+06 0.1589201E+06
130 0.6786073E+06 0.6690555E+06 0.2693202E+06
131 0.1932530E+06 0.1980974E+06 0.1352410E+06
132 0.2680386E+06 0.2715378E+06 0.1357564E+06
133 0.4397000E+07 0.4152031E+07 0.1211183E+07
134 0.3066935E+06 0.3071152E+06 0.1689346E+06
135 0.1942701E+06 0.1984444E+06 0.1509147E+06
136 0.3432443E+06 0.3324925E+06 0.2133871E+06
137 0.5985011E+07 0.6981648E+07 0.6981321E+07
138 0.1137334E+06 0.1169064E+06 0.9764490E+05
139 0.1334446E+06 0.1379443E+06 0.9613158E+05
140 0.2804914E+06 0.2808267E+06 0.1927335E+06
141 0.3362470E+06 0.3379277E+06 0.2078936E+06
142 0.5448433E+06 0.5322420E+06 0.3073369E+06
143 0.6152081E+06 0.5891533E+06 0.2627897E+06
144 0.5302006E+06 0.4632796E+06 0.2451058E+06
145 0.2079055E+06 0.2110224E+06 0.1376882E+06
146 0.6382084E+07 0.6067314E+07 0.3156951E+07
147 0.2250499E+06 0.2189046E+06 0.1938479E+06
148 0.1665931E+06 0.1704532E+06 0.1296906E+06
149 0.3503110E+06 0.3435117E+06 0.2171174E+06
150 0.3687697E+06 0.3658330E+06 0.2449323E+06
151 0.7328641E+06 0.6573504E+06 0.5805285E+06
152 0.1608580E+06 0.1702469E+06 0.1075234E+06
153 0.1998353E+06 0.2050217E+06 0.1401116E+06
154 0.5661306E+07 0.4342262E+07 0.4342873E+07
155 0.1682740E+06 0.1703033E+06 0.1478207E+06
156 0.1744690E+06 0.1787951E+06 0.1291232E+06
157 0.3704201E+06 0.3642824E+06 0.2536616E+06
158 0.4518236E+06 0.4495140E+06 0.3351651E+06
159 0.2347535E+06 0.2161171E+06 0.1974467E+06
160 0.3991196E+06 0.3576660E+06 0.3252776E+06
161 0.6423159E+06 0.5904559E+06 0.3698342E+06
162 0.2892061E+06 0.2931739E+06 0.1776228E+06
163 0.3442915E+06 0.3380520E+06 0.1724141E+06
164 0.6403694E+07 0.8750787E+07 0.8754180E+07
165 0.1640684E+06 0.1649586E+06 0.1343924E+06
166 0.2081140E+06 0.2073451E+06 0.1712706E+06
167 0.2510447E+06 0.2545848E+06 0.2144175E+06
168 0.3659828E+06 0.3586192E+06 0.2564071E+06
169 0.1730266E+06 0.1847978E+06 0.1630895E+06
170 0.2447759E+06 0.2461909E+06 0.2046927E+06
171 0.3542349E+06 0.3489424E+06 0.2237960E+06
172 0.3014420E+06 0.2963695E+06 0.1247492E+06
173 0.2075326E+06 0.2134612E+06 0.1400716E+06
174 0.5423551E+06 0.5313644E+06 0.2906684E+05
175 0.1403023E+07 0.1310520E+07 0.5316202E+06
176 0.2691296E+06 0.2714326E+06 0.1177033E+06
177 0.1678379E+06 0.1727473E+06 0.1334277E+06
178 0.2192242E+06 0.2260758E+06 0.1321162E+06
179 0.5473422E+06 0.5372135E+06 0.3121302E+06
180 0.5537744E+07 0.6742832E+07 0.6746999E+07
181 0.1522803E+06 0.1563526E+06 0.1161631E+06
182 0.2303536E+06 0.2243036E+06 0.1974510E+06
183 0.3575712E+06 0.3519947E+06 0.2192431E+06
184 0.2963489E+06 0.2919036E+06 0.2886645E+06
185 0.3117212E+06 0.2835607E+06 0.2650286E+06
186 0.4239366E+06 0.4223331E+06 0.3531953E+06
187 0.2046614E+06 0.2124135E+06 0.1250480E+06
188 0.2987712E+06 0.2933887E+06 0.1734704E+06
189 0.1215873E+07 0.1143261E+07 0.4568296E+06
190 0.9280059E+06 0.8258238E+06 0.4224844E+06
191 0.1849355E+06 0.1922559E+06 0.1422955E+06
192 0.2259987E+06 0.2297920E+06 0.1563757E+06
193 0.1262452E+07 0.1183611E+07 -0.8713960E+06
194 0.5601009E+07 0.5089457E+07 0.8312747E+06
195 0.2178182E+06 0.2243419E+06 0.1387595E+06
196 0.1109320E+06 0.1168464E+06 0.9143234E+05
197 0.4311486E+06 0.4340385E+06 0.2648531E+06
198 0.6578804E+06 0.6286804E+06 0.2545347E+06
199 0.2502532E+06 0.2498216E+06 0.1497658E+06
200 0.4178760E+06 0.4147054E+06 0.2902100E+06
