1 0.9783247E+01 0.5793671E+07 0.1532476E+08 0.1578397E+08 0.9990296E+07
2 0.1252707E+00 0.2342093E+07 0.3142632E+07 0.2737823E+08 0.2605227E+08
3 0.2558308E+00 0.2787660E+07 0.4380194E+07 0.1367064E+08 0.1088298E+08
4 0.2571290E+00 0.2796987E+07 0.4405063E+07 0.1366706E+08 0.1087008E+08
5 0.3628694E+00 0.2815882E+07 0.4281400E+07 0.1320465E+08 0.1038876E+08
6 0.3756804E+00 0.2888663E+07 0.4402982E+07 0.1323007E+08 0.1034140E+08
7 0.1564330E+00 0.2198604E+07 0.2992450E+07 0.1391791E+08 0.1171931E+08
8 0.1580261E+00 0.2332839E+07 0.3117779E+07 0.1402486E+08 0.1169202E+08
9 0.7729476E+00 0.2648389E+07 0.5197274E+07 0.1209542E+08 0.9447034E+07
10 0.8040240E+00 0.2765363E+07 0.5328651E+07 0.1215927E+08 0.9393906E+07
11 0.1478954E+00 0.2485297E+07 0.3339430E+07 0.1421624E+08 0.1173095E+08
12 0.1789757E+00 0.2664045E+07 0.3552626E+07 0.1411955E+08 0.1145551E+08
13 0.3639103E+00 0.2625913E+07 0.4350550E+07 0.1300105E+08 0.1037513E+08
14 0.3853290E+00 0.2495284E+07 0.4158848E+07 0.1285877E+08 0.1036349E+08
15 0.1683432E+00 0.2480706E+07 0.3398070E+07 0.1395871E+08 0.1147800E+08
16 0.3923236E+01 0.4687237E+07 0.6781023E+07 0.1109133E+08 0.6404090E+07
17 0.1598290E+00 0.2714904E+07 0.3650852E+07 0.1426288E+08 0.1154798E+08
18 0.1847477E+00 0.2620343E+07 0.3556682E+07 0.1405601E+08 0.1143566E+08
19 0.2835726E+00 0.3047059E+07 0.4568963E+07 0.1380252E+08 0.1075546E+08
20 0.4075254E+00 0.2571128E+07 0.4230214E+07 0.1300168E+08 0.1043055E+08
21 0.3323320E+00 0.3076005E+07 0.4133276E+07 0.1343573E+08 0.1035973E+08
22 0.1871011E+00 0.2366729E+07 0.3302181E+07 0.1371816E+08 0.1135143E+08
23 0.1845021E+00 0.2406946E+07 0.3272224E+07 0.1388824E+08 0.1148130E+08
24 0.1182143E+01 0.2560238E+07 0.4830697E+07 0.1112570E+08 0.8565458E+07
25 0.1843298E+00 0.2692325E+07 0.3677847E+07 0.1411406E+08 0.1142173E+08
26 0.1347576E+01 0.2295164E+07 0.2960738E+07 0.1062666E+08 0.8331500E+07
27 0.1632944E+00 0.2233351E+07 0.3071406E+07 0.1381141E+08 0.1157806E+08
28 0.1397752E+00 0.3018476E+07 0.3995606E+07 0.1459297E+08 0.1157449E+08
29 0.2245466E+01 0.2874537E+07 0.3543978E+07 0.1079342E+08 0.7918883E+07
30 0.2032313E+00 0.2321609E+07 0.3420284E+07 0.1356417E+08 0.1124257E+08
31 0.4683392E+00 0.2045135E+07 0.3153865E+07 0.1239264E+08 0.1034751E+08
32 0.1560271E+00 0.2928810E+07 0.3833530E+07 0.1434725E+08 0.1141844E+08
33 0.1731781E+00 0.2653086E+07 0.3533591E+07 0.1411364E+08 0.1146055E+08
34 0.2551386E+00 0.3428568E+07 0.4715596E+07 0.1415110E+08 0.1072254E+08
35 0.3057892E+01 0.3861934E+07 0.4842520E+07 0.1082968E+08 0.6967744E+07
36 0.1541693E+00 0.2133013E+07 0.3010423E+07 0.1382522E+08 0.1169221E+08
37 0.4266139E+00 0.2345256E+07 0.3708204E+07 0.1259863E+08 0.1025337E+08
38 0.1744043E+00 0.2920168E+07 0.4076343E+07 0.1416795E+08 0.1124778E+08
39 0.2004191E+00 0.2240603E+07 0.3133075E+07 0.1358198E+08 0.1134138E+08
40 0.3767859E+00 0.2638744E+07 0.4239054E+07 0.1311372E+08 0.1047497E+08
41 0.1554146E+01 0.2901072E+07 0.4631799E+07 0.1067280E+08 0.7771732E+07
42 0.5842104E-01 0.2586217E+07 0.3282911E+07 0.1519080E+08 0.1260458E+08
43 0.1544733E+00 0.2485035E+07 0.3471121E+07 0.1406319E+08 0.1157815E+08
44 0.1263882E+00 0.2176960E+07 0.2962247E+07 0.1417934E+08 0.1200238E+08
45 0.3663892E+00 0.2547515E+07 0.4040801E+07 0.1311653E+08 0.1056901E+08
46 0.1051886E+01 0.2001659E+07 0.3315001E+07 0.1078316E+08 0.8781500E+07
47 0.1096329E+00 0.2718605E+07 0.3536516E+07 0.1468893E+08 0.1197032E+08
48 0.1616463E+00 0.2721784E+07 0.3590610E+07 0.1430107E+08 0.1157929E+08
49 0.1497893E+01 0.2555133E+07 0.3087215E+07 0.1068853E+08 0.8133399E+07
50 0.2410376E+00 0.2054658E+07 0.3012760E+07 0.1314418E+08 0.1108952E+08
51 0.3377700E+00 0.1544394E+07 0.2039991E+07 0.1232506E+08 0.1078067E+08
52 0.1882250E+00 0.2249271E+07 0.2993098E+07 0.1371827E+08 0.1146900E+08
53 0.4041821E+00 0.1335294E+07 0.1781225E+07 0.1176824E+08 0.1043295E+08
54 0.1674215E+00 0.1884899E+07 0.2522237E+07 0.1358472E+08 0.1169982E+08
55 0.3178920E+01 0.4043793E+07 0.5526620E+07 0.1109635E+08 0.7052558E+07
56 0.1785667E+00 0.3003655E+07 0.4106692E+07 0.1432191E+08 0.1131825E+08
57 0.1770772E+00 0.2028818E+07 0.2908270E+07 0.1354698E+08 0.1151816E+08
58 0.3010210E+00 0.3197755E+07 0.4902726E+07 0.1381740E+08 0.1061965E+08
59 0.7179845E+00 0.2232850E+07 0.3903016E+07 0.1158828E+08 0.9355432E+07
60 0.1849676E+00 0.2660943E+07 0.3634979E+07 0.1405901E+08 0.1139807E+08
61 0.3200608E+00 0.3036211E+07 0.4106721E+07 0.1343290E+08 0.1039669E+08
62 0.2263909E+01 0.2565127E+07 0.4630647E+07 0.1110118E+08 0.8536048E+07
63 0.2636617E+00 0.1984598E+07 0.3079571E+07 0.1285562E+08 0.1087102E+08
64 0.2417888E+00 0.1115252E+07 0.1466883E+07 0.1262216E+08 0.1150691E+08
65 0.1681790E+00 0.3026791E+07 0.4073912E+07 0.1435219E+08 0.1132540E+08
66 0.3171092E+01 0.4055195E+07 0.5092664E+07 0.1070030E+08 0.6645104E+07
67 0.1858624E+00 0.2422167E+07 0.3447768E+07 0.1376580E+08 0.1134363E+08
68 0.1674497E+00 0.2841288E+07 0.3905251E+07 0.1424594E+08 0.1140465E+08
69 0.4461325E+00 0.2317710E+07 0.3972632E+07 0.1250961E+08 0.1019190E+08
70 0.1927583E+00 0.2267763E+07 0.3165875E+07 0.1366302E+08 0.1139525E+08
71 0.3465568E+00 0.2372567E+07 0.3567777E+07 0.1296586E+08 0.1059329E+08
72 0.1239935E+01 0.2792230E+07 0.4450680E+07 0.1113410E+08 0.8341871E+07
73 0.2322289E+00 0.2416092E+07 0.3465515E+07 0.1340924E+08 0.1099315E+08
74 0.1791766E+00 0.2580885E+07 0.3726933E+07 0.1392263E+08 0.1134175E+08
75 0.9154044E+00 0.3341066E+07 0.5832476E+07 0.1203259E+08 0.8691528E+07
76 0.2342876E+00 0.2393319E+07 0.3066630E+07 0.1356737E+08 0.1117405E+08
77 0.1559768E+00 0.2689176E+07 0.3594189E+07 0.1434816E+08 0.1165898E+08
78 0.6734969E+00 0.2262650E+07 0.3587218E+07 0.1166089E+08 0.9398236E+07
79 0.3656809E+00 0.2685143E+07 0.4337720E+07 0.1321946E+08 0.1053432E+08
80 0.1837916E+00 0.2550255E+07 0.3586105E+07 0.1392967E+08 0.1137941E+08
81 0.6011563E+01 0.6419722E+07 0.1057173E+08 0.1241492E+08 0.5995196E+07
82 0.1550106E+00 0.2279710E+07 0.3218423E+07 0.1386660E+08 0.1158688E+08
83 0.1115159E+00 0.2181323E+07 0.2832182E+07 0.1423129E+08 0.1204996E+08
84 0.2447967E+00 0.2514942E+07 0.3437466E+07 0.1352156E+08 0.1100662E+08
85 0.2421467E+00 0.2791568E+07 0.4065470E+07 0.1387934E+08 0.1108777E+08
86 0.2510581E+00 0.2207467E+07 0.2688128E+07 0.1323207E+08 0.1102460E+08
87 0.3678255E+00 0.2909426E+07 0.4214924E+07 0.1327494E+08 0.1036551E+08
88 0.1688487E+00 0.1958031E+07 0.2623704E+07 0.1361188E+08 0.1165385E+08
89 0.8014098E+00 0.2840929E+07 0.4736543E+07 0.1210092E+08 0.9259993E+07
90 0.1656188E+00 0.2093906E+07 0.2792696E+07 0.1383372E+08 0.1173981E+08
91 0.8188473E+00 0.2911801E+07 0.5215554E+07 0.1216576E+08 0.9253955E+07
92 0.2121103E+00 0.2922778E+07 0.4179636E+07 0.1406118E+08 0.1113840E+08
93 0.1304297E+00 0.2365365E+07 0.3189027E+07 0.1421422E+08 0.1184886E+08
94 0.7396168E+00 0.2644260E+07 0.3619959E+07 0.1187557E+08 0.9231309E+07
95 0.3103644E+00 0.2556276E+07 0.3886106E+07 0.1335349E+08 0.1079722E+08
96 0.2048966E+00 0.2608157E+07 0.3548585E+07 0.1388928E+08 0.1128113E+08
97 0.1096983E+01 0.2517268E+07 0.3589365E+07 0.1110351E+08 0.8586239E+07
98 0.2646883E+01 0.3437672E+07 0.4997745E+07 0.1047230E+08 0.7034623E+07
99 0.1932398E+00 0.2363587E+07 0.3426975E+07 0.1365747E+08 0.1129389E+08
100 0.1583207E+00 0.2759333E+07 0.3743883E+07 0.1422621E+08 0.1146687E+08
101 0.3194683E+00 0.2587539E+07 0.3469755E+07 0.1316799E+08 0.1058045E+08
102 0.2956708E+00 0.3129834E+07 0.4716067E+07 0.1379466E+08 0.1066483E+08
103 0.2276339E+00 0.2230296E+07 0.3261260E+07 0.1336256E+08 0.1113227E+08
104 0.2859318E+00 0.2976002E+07 0.3846303E+07 0.1355235E+08 0.1057635E+08
105 0.7552626E+00 0.3319867E+07 0.5581971E+07 0.1257987E+08 0.9259999E+07
106 0.2364931E+00 0.2303807E+07 0.2928479E+07 0.1327132E+08 0.1096751E+08
107 0.1502325E+00 0.2670092E+07 0.3658711E+07 0.1425206E+08 0.1158197E+08
108 0.2422142E+00 0.1508488E+07 0.2059344E+07 0.1281743E+08 0.1130895E+08
109 0.5321705E+01 0.5862201E+07 0.9156995E+07 0.1185370E+08 0.5991501E+07
110 0.1786728E+00 0.2662647E+07 0.3807321E+07 0.1391322E+08 0.1125058E+08
111 0.1966008E+00 0.2835549E+07 0.4069508E+07 0.1391699E+08 0.1108144E+08
112 0.2765627E+00 0.3011131E+07 0.4079598E+07 0.1371868E+08 0.1070755E+08
113 0.3143573E+00 0.2794432E+07 0.4044446E+07 0.1340242E+08 0.1060799E+08
114 0.2432649E+00 0.2445567E+07 0.2990644E+07 0.1345091E+08 0.1100534E+08
115 0.1828958E+00 0.2459229E+07 0.3390389E+07 0.1385729E+08 0.1139807E+08
116 0.4267463E+00 0.3059147E+07 0.3987501E+07 0.1273275E+08 0.9673607E+07
117 0.1826922E+00 0.2317228E+07 0.3152977E+07 0.1380910E+08 0.1149187E+08
118 0.8305858E+00 0.3030628E+07 0.5600953E+07 0.1228131E+08 0.9250682E+07
119 0.5159280E+00 0.2728195E+07 0.3588837E+07 0.1254438E+08 0.9816180E+07
120 0.1500849E+00 0.2621373E+07 0.3598073E+07 0.1423381E+08 0.1161244E+08
121 0.1795998E+00 0.2607262E+07 0.3495025E+07 0.1405883E+08 0.1145157E+08
122 0.3057606E+00 0.2587231E+07 0.3909502E+07 0.1338515E+08 0.1079792E+08
123 0.4076810E+01 0.4755024E+07 0.7008625E+07 0.1117505E+08 0.6420031E+07
124 0.1005784E+00 0.2384063E+07 0.2987554E+07 0.1440337E+08 0.1201931E+08
125 0.1750983E+00 0.2640923E+07 0.3658453E+07 0.1399234E+08 0.1135142E+08
126 0.2160264E+00 0.2891513E+07 0.4311967E+07 0.1413284E+08 0.1124133E+08
127 0.2901735E+00 0.3168596E+07 0.4333181E+07 0.1371321E+08 0.1054462E+08
128 0.6970083E+00 0.2462472E+07 0.4336618E+07 0.1183562E+08 0.9373149E+07
129 0.1663378E+00 0.2365479E+07 0.3311622E+07 0.1385678E+08 0.1149130E+08
130 0.3543567E+00 0.2478303E+07 0.3550875E+07 0.1285448E+08 0.1037617E+08
131 0.1760320E+00 0.2704845E+07 0.3607422E+07 0.1417730E+08 0.1147246E+08
132 0.2215973E+00 0.2253521E+07 0.3140698E+07 0.1353826E+08 0.1128474E+08
133 0.1945200E+01 0.2633183E+07 0.4107495E+07 0.1075841E+08 0.8125224E+07
134 0.2338779E+00 0.2361783E+07 0.3464232E+07 0.1347569E+08 0.1111390E+08
135 0.1742798E+00 0.2466025E+07 0.3292254E+07 0.1393159E+08 0.1146557E+08
136 0.3374396E+00 0.2343510E+07 0.3064365E+07 0.1293028E+08 0.1058677E+08
137 0.4591276E+01 0.5244167E+07 0.7938465E+07 0.1142899E+08 0.6184823E+07
138 0.1192474E+00 0.2508752E+07 0.3221761E+07 0.1437120E+08 0.1186245E+08
139 0.1397362E+00 0.2580173E+07 0.3212178E+07 0.1431806E+08 0.1173789E+08
140 0.2304460E+00 0.3051222E+07 0.4372083E+07 0.1412469E+08 0.1107346E+08
141 0.2615363E+00 0.2676267E+07 0.4138773E+07 0.1371406E+08 0.1103779E+08
142 0.3897518E+00 0.2642266E+07 0.4642661E+07 0.1298430E+08 0.1034204E+08
143 0.4642078E+00 0.2375685E+07 0.4194860E+07 0.1250662E+08 0.1013093E+08
144 0.4875596E+00 0.2437123E+07 0.3388114E+07 0.1231404E+08 0.9876919E+07
145 0.1825653E+00 0.2335227E+07 0.3140303E+07 0.1381607E+08 0.1148084E+08
146 0.3076007E+01 0.3903629E+07 0.5588977E+07 0.1079584E+08 0.6892212E+07
147 0.1737878E+00 0.3066863E+07 0.4253531E+07 0.1426870E+08 0.1120184E+08
148 0.1479205E+00 0.2809461E+07 0.3727845E+07 0.1442569E+08 0.1161623E+08
149 0.2746214E+00 0.2712535E+07 0.4225265E+07 0.1364321E+08 0.1093067E+08
150 0.3025001E+00 0.2353346E+07 0.3689641E+07 0.1299684E+08 0.1064349E+08
151 0.5512419E+00 0.2851200E+07 0.4370269E+07 0.1251480E+08 0.9663602E+07
152 0.1402514E+00 0.2011583E+07 0.2660182E+07 0.1390297E+08 0.1189138E+08
153 0.1775458E+00 0.2648051E+07 0.3587618E+07 0.1413338E+08 0.1148533E+08
154 0.3885834E+01 0.4875210E+07 0.6878618E+07 0.1120859E+08 0.6333376E+07
155 0.1595723E+00 0.2726878E+07 0.3633231E+07 0.1415761E+08 0.1143073E+08
156 0.1631759E+00 0.2986774E+07 0.3844477E+07 0.1443776E+08 0.1145098E+08
157 0.2939502E+00 0.3011859E+07 0.4486625E+07 0.1372786E+08 0.1071600E+08
158 0.3153750E+00 0.3179090E+07 0.5188584E+07 0.1362215E+08 0.1044306E+08
159 0.2358124E+00 0.2407617E+07 0.2978568E+07 0.1351662E+08 0.1110900E+08
160 0.3488032E+00 0.3010974E+07 0.4070213E+07 0.1322081E+08 0.1020983E+08
161 0.4760305E+00 0.2946213E+07 0.4206246E+07 0.1253734E+08 0.9591125E+07
162 0.2349575E+00 0.2352284E+07 0.3410726E+07 0.1343502E+08 0.1108273E+08
163 0.2289875E+00 0.2332643E+07 0.3491235E+07 0.1341205E+08 0.1107941E+08
164 0.5104193E+01 0.5845092E+07 0.8719240E+07 0.1167651E+08 0.5831418E+07
165 0.1549935E+00 0.2650540E+07 0.3556548E+07 0.1415207E+08 0.1150153E+08
166 0.1750429E+00 0.2757793E+07 0.3884540E+07 0.1405264E+08 0.1129485E+08
167 0.2185945E+00 0.2816297E+07 0.3817560E+07 0.1385495E+08 0.1103865E+08
168 0.3010975E+00 0.2922154E+07 0.4289972E+07 0.1358240E+08 0.1066025E+08
169 0.1857782E+00 0.2335919E+07 0.2815792E+07 0.1369555E+08 0.1135963E+08
170 0.2549038E+00 0.2448345E+07 0.2986612E+07 0.1334837E+08 0.1090003E+08
171 0.3235620E+00 0.2407174E+07 0.3225288E+07 0.1295038E+08 0.1054321E+08
172 0.2694436E+00 0.2022443E+07 0.2490054E+07 0.1298780E+08 0.1096535E+08
173 0.1925127E+00 0.2341955E+07 0.3165827E+07 0.1377170E+08 0.1142975E+08
174 0.4322342E+00 0.1778995E+07 0.2441420E+07 0.1211997E+08 0.1034098E+08
175 0.9616150E+00 0.2972968E+07 0.5344725E+07 0.1197351E+08 0.9000538E+07
176 0.2337090E+00 0.1955680E+07 0.2661489E+07 0.1319841E+08 0.1124273E+08
177 0.1562354E+00 0.2887003E+07 0.3727766E+07 0.1440777E+08 0.1152076E+08
178 0.1948926E+00 0.2002595E+07 0.2700333E+07 0.1343699E+08 0.1143440E+08
179 0.4221880E+00 0.2660681E+07 0.4524256E+07 0.1281560E+08 0.1015492E+08
180 0.4791863E+01 0.5752590E+07 0.8221738E+07 0.1156207E+08 0.5809480E+07
181 0.1503594E+00 0.2444505E+07 0.3347923E+07 0.1409812E+08 0.1165361E+08
182 0.1851253E+00 0.2983476E+07 0.4134667E+07 0.1408743E+08 0.1110395E+08
183 0.2935080E+00 0.2778575E+07 0.4208687E+07 0.1359605E+08 0.1081748E+08
184 0.2596394E+00 0.3235803E+07 0.4384837E+07 0.1390983E+08 0.1067403E+08
185 0.3049135E+00 0.2621274E+07 0.3398840E+07 0.1324356E+08 0.1062229E+08
186 0.3558061E+00 0.3081223E+07 0.4450663E+07 0.1328148E+08 0.1020026E+08
187 0.1915020E+00 0.2175605E+07 0.2919686E+07 0.1366729E+08 0.1149169E+08
188 0.2040815E+00 0.2129375E+07 0.3326106E+07 0.1336921E+08 0.1123984E+08
189 0.8107089E+00 0.3062797E+07 0.5291173E+07 0.1224418E+08 0.9181387E+07
190 0.7042188E+00 0.2713519E+07 0.4393574E+07 0.1218884E+08 0.9475318E+07
191 0.1546046E+00 0.2815270E+07 0.3860822E+07 0.1438138E+08 0.1156611E+08
192 0.2003314E+00 0.2743514E+07 0.3702932E+07 0.1402279E+08 0.1127928E+08
193 0.9661631E+00 0.1590766E+07 0.2711643E+07 0.1140475E+08 0.9813983E+07
194 0.4026973E+01 0.4329515E+07 0.6207214E+07 0.1108015E+08 0.6750638E+07
195 0.2178662E+00 0.2506688E+07 0.3566540E+07 0.1377363E+08 0.1126694E+08
196 0.1256230E+00 0.2321249E+07 0.2983196E+07 0.1417620E+08 0.1185495E+08
197 0.3524934E+00 0.2941480E+07 0.4639158E+07 0.1347012E+08 0.1052864E+08
198 0.5171658E+00 0.2366499E+07 0.4177856E+07 0.1241150E+08 0.1004500E+08
199 0.1847640E+00 0.2306272E+07 0.3354717E+07 0.1369484E+08 0.1138857E+08
200 0.3823556E+00 0.2691898E+07 0.3657107E+07 0.1293099E+08 0.1023909E+08
