1 0.1321210E+07 0.1340140E+07 0.1613024E+06
2 0.3127538E+07 0.2997216E+07 -0.7079125E+06
3 0.9266486E+06 0.9215042E+06 0.1933355E+06
4 0.6643528E+06 0.6835440E+06 0.3458211E+06
5 0.5366073E+06 0.5335263E+06 0.3003069E+06
6 0.5706314E+06 0.5499674E+06 0.4403297E+06
7 0.2858676E+08 0.3894702E+08 0.3894323E+08
8 0.2731871E+06 0.2842329E+06 0.2649013E+06
9 0.2723383E+06 0.3005368E+06 0.2811977E+06
10 0.7078168E+06 0.7074081E+06 0.6885251E+06
11 0.5110706E+06 0.5216609E+06 0.5004979E+06
12 0.5771712E+06 0.5815858E+06 0.4906350E+06
13 0.6419782E+06 0.6558566E+06 0.6368763E+06
14 0.4685663E+06 0.4728560E+06 0.3148800E+06
15 0.5482497E+06 0.5339547E+06 0.3233329E+06
16 0.1843971E+06 0.2046483E+06 0.1802023E+06
17 0.1150329E+07 0.1149665E+07 0.6785063E+06
18 0.1179547E+07 0.1164997E+07 0.8868360E+06
19 0.5392208E+06 0.5485764E+06 0.2710323E+06
20 0.2151276E+06 0.2353058E+06 0.2064851E+06
21 0.5599593E+06 0.5422763E+06 0.3311989E+06
22 0.1562480E+07 0.1526587E+07 0.1010397E+07
23 0.2119617E+07 0.2042378E+07 0.1256953E+07
24 0.3945603E+06 0.3950420E+06 0.2856057E+06
25 0.6444158E+06 0.6279974E+06 0.3503144E+06
26 0.1877098E+07 0.1713485E+07 0.1393877E+07
27 0.7209882E+06 0.6989765E+06 0.5013737E+06
28 0.4516331E+06 0.4467165E+06 0.2666535E+06
29 0.2654449E+08 0.2331255E+08 0.2001797E+08
30 0.4119887E+06 0.4224390E+06 0.3048808E+06
31 0.4651186E+06 0.4761898E+06 0.4566626E+06
32 0.6502861E+06 0.6509677E+06 0.5957800E+06
33 0.7474759E+06 0.7527489E+06 0.6075037E+06
34 0.9228290E+06 0.8421845E+06 0.7890644E+06
35 0.7317889E+06 0.6975262E+06 0.4329258E+06
36 0.7005149E+06 0.7110253E+06 0.5964560E+06
37 0.2642992E+06 0.2826947E+06 0.2493007E+06
38 0.1195875E+07 0.1312033E+07 0.1294175E+07
39 0.8404332E+06 0.8212166E+06 0.4434501E+06
40 0.3985402E+06 0.4123608E+06 0.3039871E+06
41 0.7825218E+06 0.7785280E+06 0.2972672E+06
42 0.3055692E+08 0.2908516E+08 0.1015992E+08
43 0.6218298E+06 0.5903793E+06 0.2979176E+06
44 0.4914617E+06 0.4922686E+06 0.2802800E+06
45 0.4804481E+06 0.4700096E+06 0.4505517E+06
46 0.1668970E+07 0.1545798E+07 0.7963421E+06
47 0.5904594E+06 0.6218269E+06 0.6025301E+06
48 0.3907427E+06 0.4022820E+06 0.2963797E+06
49 0.4506142E+06 0.4578842E+06 0.3634222E+06
50 0.2225632E+06 0.2415307E+06 0.2151263E+06
51 0.1018954E+07 0.8876107E+06 0.3056096E+06
52 0.1071603E+07 0.1065749E+07 0.1001285E+07
53 0.6590035E+06 0.6410581E+06 0.3330314E+06
54 0.8936867E+07 0.8619561E+07 0.2969692E+07
55 0.1718105E+07 0.1662103E+07 0.1013358E+07
56 0.3835544E+06 0.3938924E+06 0.2701003E+06
57 0.8942279E+06 0.8834978E+06 0.5173502E+06
58 0.4015361E+06 0.4138652E+06 0.3058826E+06
59 0.2279291E+06 0.2449207E+06 0.2139337E+06
60 0.4067607E+06 0.4042453E+06 0.2633618E+06
61 0.4470337E+07 0.4281904E+07 0.2079545E+07
62 0.1791069E+07 0.1756895E+07 0.8496741E+06
63 0.4978376E+06 0.4784070E+06 0.4042448E+06
64 0.4177493E+06 0.4307324E+06 0.3190391E+06
65 0.8088489E+06 0.7944344E+06 0.5115622E+06
66 0.3347419E+08 0.3010954E+08 0.2428239E+08
67 0.3239803E+06 0.3343257E+06 0.2181807E+06
68 0.6620549E+06 0.6708157E+06 0.5017708E+06
69 0.3889997E+06 0.3897326E+06 0.3553041E+06
70 0.5791148E+06 0.5687163E+06 0.3235960E+06
71 0.6985931E+06 0.7084229E+06 0.5640654E+06
72 0.7265781E+06 0.7022388E+06 0.4582297E+06
73 0.7248814E+06 0.7196519E+06 0.6394355E+06
74 0.6923538E+06 0.7096579E+06 0.3392680E+06
75 0.6151726E+06 0.6075294E+06 0.3652494E+06
76 0.2302293E+07 0.2193424E+07 0.1083796E+07
77 0.1499810E+07 0.1470492E+07 0.8312944E+06
78 0.5866039E+06 0.5721380E+06 0.3884067E+06
79 0.5619183E+06 0.5377218E+06 0.3476637E+06
80 0.5204105E+07 0.5111441E+07 0.2287925E+07
81 0.4104030E+06 0.4230834E+06 0.3045899E+06
82 0.9311075E+07 0.8118316E+07 0.5039223E+07
83 0.5060711E+06 0.5118947E+06 0.3482274E+06
84 0.3790420E+06 0.3827346E+06 0.3425585E+06
85 0.9748292E+06 0.9441978E+06 0.5107217E+06
86 0.5905382E+06 0.6005964E+06 0.5742558E+06
87 0.6579488E+06 0.6489306E+06 0.3158974E+06
88 0.6848611E+06 0.6944563E+06 0.6441795E+06
89 0.3433312E+07 0.3263821E+07 0.1799727E+07
90 0.3923892E+06 0.3883844E+06 0.3001175E+06
91 0.5023508E+06 0.5103779E+06 0.3466829E+06
92 0.1158861E+07 0.1140718E+07 0.6886824E+06
93 0.1929919E+07 0.1907457E+07 0.1092260E+07
94 0.2964380E+06 0.3087435E+06 0.2290717E+06
95 0.3604247E+06 0.3622260E+06 0.2720759E+06
96 0.3140349E+08 0.2880581E+08 0.2675935E+08
97 0.3319572E+06 0.3263214E+06 0.3068097E+06
98 0.3498455E+06 0.3530804E+06 0.3001461E+06
99 0.6763626E+06 0.6530301E+06 0.5761425E+06
100 0.9414185E+06 0.8856269E+06 0.7246188E+06
101 0.4910185E+06 0.4909157E+06 0.4636354E+06
102 0.5147648E+06 0.5090436E+06 0.3242309E+06
103 0.6626015E+06 0.6683782E+06 0.5712984E+06
104 0.1402447E+07 0.1394545E+07 0.8845407E+06
105 0.4646724E+06 0.4837334E+06 0.3506537E+06
106 0.5854766E+06 0.5813729E+06 0.2678984E+06
107 0.1835230E+07 0.1770085E+07 0.1255363E+07
108 0.2789427E+07 0.2632212E+07 0.2477861E+07
109 0.3567732E+06 0.3720158E+06 0.2914945E+06
110 0.6321723E+06 0.6203833E+06 0.3620175E+06
111 0.1007603E+07 0.9580927E+06 0.4621587E+06
112 0.6647055E+06 0.6239264E+06 0.5138775E+06
113 0.5952670E+06 0.5957332E+06 0.3525229E+06
114 0.8378143E+06 0.7875242E+06 0.4975821E+06
115 0.2482822E+07 0.2342462E+07 0.2198256E+07
116 0.7819562E+06 0.7879886E+06 0.3112028E+06
117 0.2680490E+08 0.2619713E+08 0.2618572E+08
118 0.4044668E+06 0.4143741E+06 0.2778366E+06
119 0.3269408E+06 0.3398585E+06 0.2552386E+06
120 0.8711286E+06 0.8467069E+06 0.4820399E+06
121 0.7876300E+06 0.7830801E+06 0.4582361E+06
122 0.6692185E+06 0.6615762E+06 0.2852488E+06
123 0.3924815E+06 0.3915757E+06 0.2410931E+06
124 0.1363896E+07 0.1333899E+07 0.7445299E+06
125 0.2329274E+07 0.2222718E+07 0.9945531E+06
126 0.3780860E+06 0.3894639E+06 0.2993793E+06
127 0.3392003E+06 0.3404521E+06 0.2810759E+06
128 0.3924977E+07 0.3602827E+07 0.3027439E+06
129 0.9335697E+06 0.8945962E+06 0.6269470E+06
130 0.3731585E+06 0.3774710E+06 0.2849908E+06
131 0.4383983E+06 0.4545063E+06 0.3784969E+06
132 0.1175549E+07 0.1117576E+07 0.7804735E+06
133 0.3838474E+07 0.3559107E+07 0.2694956E+07
134 0.1913302E+06 0.2092371E+06 0.1754701E+06
135 0.3935674E+06 0.4026471E+06 0.3110006E+06
136 0.7317085E+06 0.7046710E+06 0.4517602E+06
137 0.1119353E+07 0.1084680E+07 0.6461178E+06
138 0.2425030E+08 0.2393247E+08 0.2392293E+08
139 0.3330007E+06 0.3456168E+06 0.2412430E+06
140 0.4381787E+06 0.4205401E+06 0.3140447E+06
141 0.8339457E+06 0.8096686E+06 0.4789999E+06
142 0.6023211E+06 0.5990236E+06 0.5515508E+06
143 0.4693098E+06 0.4715509E+06 0.3175329E+06
144 0.5058222E+06 0.5234526E+06 0.4263579E+06
145 0.1658577E+07 0.1582728E+07 0.7431584E+06
146 0.1737600E+07 0.1707373E+07 0.8760472E+06
147 0.6286837E+06 0.5972677E+06 0.3741677E+06
148 0.4516278E+06 0.4586742E+06 0.3342302E+06
149 0.2522684E+07 0.2439922E+07 0.1507088E+07
150 0.3357398E+07 0.3250107E+07 0.1431443E+07
151 0.3555497E+06 0.3728189E+06 0.2905648E+06
152 0.4554602E+06 0.4595885E+06 0.3331256E+06
153 0.1143478E+07 0.1066388E+07 0.2268287E+06
154 0.7948459E+06 0.8002982E+06 0.5207994E+06
155 0.1014542E+07 0.9825107E+06 0.4123636E+06
156 0.5416801E+06 0.5608294E+06 0.3860455E+06
157 0.1092847E+07 0.9957900E+06 0.5990298E+06
158 0.3123469E+08 0.3323539E+08 0.3322534E+08
159 0.2663629E+06 0.2773351E+06 0.2147993E+06
160 0.3756847E+06 0.3902979E+06 0.2923575E+06
161 0.6824171E+06 0.6694650E+06 0.5792379E+06
162 0.6900521E+06 0.6871758E+06 0.5165650E+06
163 0.5082416E+06 0.5047288E+06 0.4814446E+06
164 0.5664728E+06 0.5605083E+06 0.4110864E+06
165 0.6638865E+06 0.6449403E+06 0.3912011E+06
166 0.6491624E+06 0.6455903E+06 0.3280979E+06
167 0.4862737E+06 0.5041577E+06 0.3487370E+06
168 0.6630398E+06 0.6598976E+06 0.3188579E+06
169 0.1493317E+07 0.1475475E+07 0.8634087E+06
170 0.1900738E+07 0.1834532E+07 0.1097265E+07
171 0.3986357E+06 0.3998901E+06 0.2367805E+06
172 0.7287515E+06 0.6811207E+06 0.4508080E+06
173 0.3104522E+07 0.2988862E+07 0.9038496E+06
174 0.2989610E+06 0.3097818E+06 0.2628703E+06
175 0.3939109E+06 0.3876697E+06 0.3144233E+06
176 0.3268653E+07 0.2877106E+07 0.1407704E+07
177 0.2816017E+06 0.3019982E+06 0.2537844E+06
178 0.3596368E+06 0.3510453E+06 0.2707134E+06
179 0.1633664E+07 0.1664356E+07 0.2693315E+06
180 0.7441134E+06 0.7496258E+06 0.4943076E+06
181 0.6737611E+06 0.6604587E+06 0.3738993E+06
182 0.1197270E+07 0.1123037E+07 0.6030129E+06
183 0.9691343E+06 0.9152298E+06 0.5558828E+06
184 0.4599402E+06 0.4663488E+06 0.3306099E+06
185 0.4242104E+06 0.4350154E+06 0.3764593E+06
186 0.3045380E+08 0.4316266E+08 0.4315837E+08
187 0.1988139E+06 0.2123773E+06 0.1776392E+06
188 0.2042406E+06 0.2118646E+06 0.1819105E+06
189 0.6248526E+06 0.5952534E+06 0.5765000E+06
190 0.5742012E+06 0.5612474E+06 0.4827661E+06
191 0.5389127E+06 0.5304102E+06 0.4755324E+06
192 0.2730666E+06 0.2838251E+06 0.2146061E+06
193 0.7867334E+06 0.8156862E+06 0.3767282E+06
194 0.1141849E+07 0.1135062E+07 0.7544808E+06
195 0.5202527E+06 0.5137708E+06 0.2955754E+06
196 0.4074174E+06 0.4212561E+06 0.3515326E+06
197 0.1385636E+07 0.1335391E+07 0.1072045E+07
198 0.1937404E+07 0.1891020E+07 0.1250201E+07
199 0.4779112E+06 0.4677010E+06 0.2934701E+06
200 0.1403420E+07 0.1245466E+07 0.1213139E+07
