1 0.7338688E+00 0.1820125E+07 0.2741371E+07 0.2526224E+08 0.2344212E+08
2 0.1664390E+01 0.2817868E+07 0.3492737E+07 0.2464876E+08 0.2183090E+08
3 0.5352269E+00 0.2492543E+07 0.3189728E+07 0.2679935E+08 0.2430680E+08
4 0.3913668E+00 0.3081027E+07 0.3897421E+07 0.2786190E+08 0.2478087E+08
5 0.2620038E+00 0.3231982E+07 0.4079390E+07 0.2874350E+08 0.2551152E+08
6 0.2591557E+00 0.4488275E+07 0.6005276E+07 0.2949608E+08 0.2500781E+08
7 0.1034035E+02 0.1141199E+08 0.1793565E+08 0.2625451E+08 0.1484253E+08
8 0.1911262E+00 0.3941373E+07 0.4949117E+07 0.2919257E+08 0.2525120E+08
9 0.1920513E+00 0.3936913E+07 0.4999880E+07 0.2918934E+08 0.2525243E+08
10 0.3848254E+00 0.5128527E+07 0.7186074E+07 0.2903825E+08 0.2390972E+08
11 0.3216256E+00 0.4687009E+07 0.6179231E+07 0.2923278E+08 0.2454577E+08
12 0.3473789E+00 0.4066266E+07 0.5066080E+07 0.2856808E+08 0.2450181E+08
13 0.4034617E+00 0.4550219E+07 0.5969452E+07 0.2874730E+08 0.2419708E+08
14 0.2719227E+00 0.3651993E+07 0.4606294E+07 0.2894569E+08 0.2529370E+08
15 0.2549855E+00 0.3473301E+07 0.4565045E+07 0.2887418E+08 0.2540088E+08
16 0.7408485E-01 0.4405901E+07 0.5706169E+07 0.3136647E+08 0.2696057E+08
17 0.5915468E+00 0.4460674E+07 0.5979958E+07 0.2850615E+08 0.2404548E+08
18 0.6643260E+00 0.4598772E+07 0.6361733E+07 0.2804764E+08 0.2344887E+08
19 0.2677375E+00 0.2774396E+07 0.3346563E+07 0.2842236E+08 0.2564796E+08
20 0.8530728E-01 0.4380687E+07 0.5791058E+07 0.3129255E+08 0.2691186E+08
21 0.2675784E+00 0.3719707E+07 0.4715424E+07 0.2902186E+08 0.2530215E+08
22 0.8573490E+00 0.4360957E+07 0.6012195E+07 0.2739727E+08 0.2303631E+08
23 0.1071507E+01 0.4569596E+07 0.6954820E+07 0.2730650E+08 0.2273690E+08
24 0.2036547E+00 0.3767940E+07 0.4898386E+07 0.2944224E+08 0.2567430E+08
25 0.2759644E+00 0.3842121E+07 0.5158079E+07 0.2908428E+08 0.2524216E+08
26 0.1216123E+01 0.4452613E+07 0.6263659E+07 0.2636625E+08 0.2191363E+08
27 0.4190474E+00 0.3505121E+07 0.4571033E+07 0.2823862E+08 0.2473350E+08
28 0.2098605E+00 0.3427408E+07 0.4247096E+07 0.2921515E+08 0.2578774E+08
29 0.7197151E+01 0.8734143E+07 0.1268142E+08 0.2495814E+08 0.1622400E+08
30 0.2705435E+00 0.4297491E+07 0.5646230E+07 0.2935624E+08 0.2505875E+08
31 0.2591171E+00 0.5018082E+07 0.6503512E+07 0.2970027E+08 0.2468219E+08
32 0.3940228E+00 0.4743218E+07 0.6248601E+07 0.2896123E+08 0.2421801E+08
33 0.4238161E+00 0.5141578E+07 0.7180911E+07 0.2928823E+08 0.2414666E+08
34 0.5208883E+00 0.4765277E+07 0.6377311E+07 0.2833951E+08 0.2357423E+08
35 0.3421291E+00 0.3710770E+07 0.5151102E+07 0.2851986E+08 0.2480909E+08
36 0.4235711E+00 0.4383099E+07 0.5454820E+07 0.2865262E+08 0.2426952E+08
37 0.1169744E+00 0.4090953E+07 0.5330417E+07 0.3060547E+08 0.2651452E+08
38 0.8144987E+00 0.5283381E+07 0.6979111E+07 0.2774570E+08 0.2246232E+08
39 0.5114802E+00 0.3229406E+07 0.4218274E+07 0.2750444E+08 0.2427503E+08
40 0.2187664E+00 0.4025863E+07 0.5215195E+07 0.2951375E+08 0.2548788E+08
41 0.3772234E+00 0.2789148E+07 0.3638964E+07 0.2774315E+08 0.2495400E+08
42 0.6839848E+01 0.7644464E+07 0.1206077E+08 0.2555877E+08 0.1791431E+08
43 0.3196710E+00 0.3104567E+07 0.4356076E+07 0.2810320E+08 0.2499863E+08
44 0.2735457E+00 0.3084443E+07 0.3862644E+07 0.2845495E+08 0.2537050E+08
45 0.2644187E+00 0.4754215E+07 0.6243248E+07 0.2946845E+08 0.2471424E+08
46 0.9733138E+00 0.3881602E+07 0.5939800E+07 0.2691080E+08 0.2302920E+08
47 0.3524539E+00 0.4851620E+07 0.6248988E+07 0.2918405E+08 0.2433243E+08
48 0.2349622E+00 0.4053813E+07 0.5298055E+07 0.2940841E+08 0.2535459E+08
49 0.2352627E+00 0.3789810E+07 0.4800125E+07 0.2918141E+08 0.2539160E+08
50 0.8282799E-01 0.4035927E+07 0.6854575E+07 0.3069516E+08 0.2665923E+08
51 0.6556251E+00 0.2562271E+07 0.3000269E+07 0.2700839E+08 0.2444611E+08
52 0.6067857E+00 0.5309628E+07 0.7173641E+07 0.2863823E+08 0.2332861E+08
53 0.3084487E+00 0.3430791E+07 0.4558521E+07 0.2858679E+08 0.2515599E+08
54 0.3887001E+01 0.5262922E+07 0.8715219E+07 0.2433912E+08 0.1907620E+08
55 0.9654169E+00 0.4699454E+07 0.7499552E+07 0.2731372E+08 0.2261426E+08
56 0.2457055E+00 0.4060410E+07 0.5243293E+07 0.2935132E+08 0.2529091E+08
57 0.5200065E+00 0.4458481E+07 0.6600325E+07 0.2858687E+08 0.2412839E+08
58 0.2190225E+00 0.3897426E+07 0.5018600E+07 0.2936925E+08 0.2547182E+08
59 0.1049502E+00 0.3822602E+07 0.4861277E+07 0.3040161E+08 0.2657901E+08
60 0.1960243E+00 0.3518058E+07 0.4548216E+07 0.2936026E+08 0.2584220E+08
61 0.2031619E+01 0.4726687E+07 0.7283075E+07 0.2541527E+08 0.2068858E+08
62 0.9737532E+00 0.4482335E+07 0.7084624E+07 0.2749890E+08 0.2301657E+08
63 0.2463292E+00 0.4510293E+07 0.6019239E+07 0.2957926E+08 0.2506896E+08
64 0.2313142E+00 0.4029786E+07 0.5266549E+07 0.2942243E+08 0.2539264E+08
65 0.4537771E+00 0.4369134E+07 0.6077936E+07 0.2870237E+08 0.2433323E+08
66 0.7148534E+01 0.8482416E+07 0.1260152E+08 0.2493071E+08 0.1644829E+08
67 0.2263570E+00 0.3490300E+07 0.4558040E+07 0.2898236E+08 0.2549206E+08
68 0.4319347E+00 0.4137220E+07 0.5588449E+07 0.2846807E+08 0.2433085E+08
69 0.2485548E+00 0.4572590E+07 0.5913221E+07 0.2955989E+08 0.2498730E+08
70 0.3273429E+00 0.3187108E+07 0.3704122E+07 0.2842815E+08 0.2524105E+08
71 0.4063849E+00 0.4817510E+07 0.6786085E+07 0.2908369E+08 0.2426618E+08
72 0.4702377E+00 0.3188068E+07 0.3897481E+07 0.2759148E+08 0.2440341E+08
73 0.4443460E+00 0.4528011E+07 0.5703836E+07 0.2859640E+08 0.2406839E+08
74 0.4239395E+00 0.2996017E+07 0.3849660E+07 0.2769504E+08 0.2469903E+08
75 0.3121569E+00 0.3657459E+07 0.4693075E+07 0.2876463E+08 0.2510717E+08
76 0.1182368E+01 0.4113196E+07 0.5738780E+07 0.2686721E+08 0.2275402E+08
77 0.7893882E+00 0.4474271E+07 0.6234667E+07 0.2802604E+08 0.2355177E+08
78 0.2640197E+00 0.4180671E+07 0.5664563E+07 0.2932116E+08 0.2514049E+08
79 0.2512577E+00 0.4016429E+07 0.5307718E+07 0.2937046E+08 0.2535403E+08
80 0.1995585E+01 0.4692676E+07 0.6981959E+07 0.2583035E+08 0.2113767E+08
81 0.2409874E+00 0.4521484E+07 0.5722885E+07 0.2980564E+08 0.2528416E+08
82 0.5105815E+01 0.7330294E+07 0.9001763E+07 0.2466950E+08 0.1733921E+08
83 0.3076162E+00 0.3986384E+07 0.5420459E+07 0.2892785E+08 0.2494146E+08
84 0.2386265E+00 0.4644740E+07 0.5940191E+07 0.2972007E+08 0.2507533E+08
85 0.6114968E+00 0.3656190E+07 0.5195107E+07 0.2764163E+08 0.2398544E+08
86 0.3373766E+00 0.4895010E+07 0.6412710E+07 0.2932589E+08 0.2443088E+08
87 0.2704007E+00 0.3360375E+07 0.4610836E+07 0.2876739E+08 0.2540701E+08
88 0.4069125E+00 0.4663485E+07 0.5895174E+07 0.2889406E+08 0.2423058E+08
89 0.1838101E+01 0.3708089E+07 0.5829965E+07 0.2468288E+08 0.2097479E+08
90 0.2176609E+00 0.3810623E+07 0.4970030E+07 0.2923833E+08 0.2542771E+08
91 0.2413740E+00 0.3790059E+07 0.4755068E+07 0.2940283E+08 0.2561277E+08
92 0.6320056E+00 0.4042723E+07 0.6388547E+07 0.2762452E+08 0.2358180E+08
93 0.9903659E+00 0.5470202E+07 0.8601985E+07 0.2799702E+08 0.2252682E+08
94 0.1766990E+00 0.3583733E+07 0.4360328E+07 0.2943939E+08 0.2585566E+08
95 0.1837405E+00 0.3861556E+07 0.4912702E+07 0.2959328E+08 0.2573173E+08
96 0.8589043E+01 0.9699556E+07 0.1472779E+08 0.2543812E+08 0.1573857E+08
97 0.2011601E+00 0.4246971E+07 0.5413057E+07 0.2943744E+08 0.2519047E+08
98 0.2325083E+00 0.4146325E+07 0.5349675E+07 0.2929823E+08 0.2515191E+08
99 0.3761199E+00 0.4868237E+07 0.6786778E+07 0.2909029E+08 0.2422205E+08
100 0.4874012E+00 0.4674268E+07 0.6980267E+07 0.2847072E+08 0.2379645E+08
101 0.3013195E+00 0.3902689E+07 0.4635985E+07 0.2874619E+08 0.2484351E+08
102 0.2635486E+00 0.3566427E+07 0.4511177E+07 0.2888168E+08 0.2531525E+08
103 0.4007082E+00 0.4147109E+07 0.4933667E+07 0.2836281E+08 0.2421570E+08
104 0.7111270E+00 0.4855707E+07 0.6743101E+07 0.2821269E+08 0.2335698E+08
105 0.2547446E+00 0.3549163E+07 0.4578203E+07 0.2886797E+08 0.2531881E+08
106 0.2736269E+00 0.3218442E+07 0.3872096E+07 0.2874641E+08 0.2552797E+08
107 0.9949710E+00 0.5106542E+07 0.7705196E+07 0.2754177E+08 0.2243523E+08
108 0.1459788E+01 0.4349963E+07 0.6611048E+07 0.2601096E+08 0.2166100E+08
109 0.1769501E+00 0.4317343E+07 0.5547200E+07 0.3006782E+08 0.2575047E+08
110 0.3256360E+00 0.3775957E+07 0.4992032E+07 0.2876553E+08 0.2498958E+08
111 0.6205673E+00 0.3514876E+07 0.4160275E+07 0.2716146E+08 0.2364659E+08
112 0.4106492E+00 0.3556755E+07 0.4450575E+07 0.2821318E+08 0.2465643E+08
113 0.3015324E+00 0.3448473E+07 0.4361402E+07 0.2860764E+08 0.2515916E+08
114 0.5460518E+00 0.3193063E+07 0.3975116E+07 0.2737977E+08 0.2418671E+08
115 0.1351962E+01 0.4990178E+07 0.6959996E+07 0.2661943E+08 0.2162925E+08
116 0.4293964E+00 0.2648428E+07 0.3391723E+07 0.2742476E+08 0.2477633E+08
117 0.7746500E+01 0.9337859E+07 0.1440585E+08 0.2489119E+08 0.1555333E+08
118 0.2927926E+00 0.3908664E+07 0.5111678E+07 0.2889961E+08 0.2499094E+08
119 0.2331314E+00 0.4081921E+07 0.5159427E+07 0.2924163E+08 0.2515971E+08
120 0.5173551E+00 0.3856551E+07 0.5619358E+07 0.2795376E+08 0.2409720E+08
121 0.4584829E+00 0.4204624E+07 0.6256759E+07 0.2859618E+08 0.2439156E+08
122 0.3055371E+00 0.3015302E+07 0.3972611E+07 0.2825159E+08 0.2523629E+08
123 0.1945893E+00 0.3281185E+07 0.4222021E+07 0.2914553E+08 0.2586435E+08
124 0.7444016E+00 0.3989425E+07 0.5311310E+07 0.2770827E+08 0.2371884E+08
125 0.1153623E+01 0.4683916E+07 0.8496775E+07 0.2696385E+08 0.2227993E+08
126 0.2217565E+00 0.4154296E+07 0.5282515E+07 0.2951352E+08 0.2535922E+08
127 0.1907247E+00 0.3934516E+07 0.5065080E+07 0.2953101E+08 0.2559649E+08
128 0.2149761E+01 0.4118743E+07 0.7900206E+07 0.2504543E+08 0.2092669E+08
129 0.5294437E+00 0.3210236E+07 0.4817877E+07 0.2712528E+08 0.2391504E+08
130 0.2170031E+00 0.4137461E+07 0.5310309E+07 0.2961940E+08 0.2548194E+08
131 0.2381071E+00 0.3964993E+07 0.5141925E+07 0.2923451E+08 0.2526952E+08
132 0.5457084E+00 0.4376210E+07 0.6917964E+07 0.2799686E+08 0.2362065E+08
133 0.2163644E+01 0.5312385E+07 0.8870495E+07 0.2553905E+08 0.2022667E+08
134 0.9230552E-01 0.3850513E+07 0.4974799E+07 0.3043668E+08 0.2658616E+08
135 0.2253038E+00 0.3966489E+07 0.5249600E+07 0.2937934E+08 0.2541285E+08
136 0.4520106E+00 0.3114526E+07 0.3780919E+07 0.2787573E+08 0.2476120E+08
137 0.5722781E+00 0.4226108E+07 0.6643314E+07 0.2805086E+08 0.2382475E+08
138 0.7190028E+01 0.9195139E+07 0.1332414E+08 0.2487153E+08 0.1567639E+08
139 0.2438724E+00 0.3877949E+07 0.4970230E+07 0.2909214E+08 0.2521419E+08
140 0.2632699E+00 0.3867082E+07 0.5165972E+07 0.2898231E+08 0.2511523E+08
141 0.4699576E+00 0.4004874E+07 0.6032742E+07 0.2832728E+08 0.2432241E+08
142 0.4000725E+00 0.4224311E+07 0.5463282E+07 0.2855462E+08 0.2433030E+08
143 0.2536773E+00 0.3642490E+07 0.4607280E+07 0.2900733E+08 0.2536484E+08
144 0.2993315E+00 0.3770373E+07 0.5032042E+07 0.2870815E+08 0.2493778E+08
145 0.9390086E+00 0.4237001E+07 0.6583165E+07 0.2731553E+08 0.2307853E+08
146 0.9053334E+00 0.4733809E+07 0.7010768E+07 0.2773181E+08 0.2299800E+08
147 0.2856581E+00 0.3953568E+07 0.5337546E+07 0.2904205E+08 0.2508848E+08
148 0.2640893E+00 0.4305358E+07 0.5504261E+07 0.2949529E+08 0.2518994E+08
149 0.1232800E+01 0.4399150E+07 0.6121543E+07 0.2679032E+08 0.2239117E+08
150 0.1841128E+01 0.5090625E+07 0.7733064E+07 0.2615065E+08 0.2106002E+08
151 0.1843132E+00 0.4425266E+07 0.5757678E+07 0.3010025E+08 0.2567499E+08
152 0.2507729E+00 0.4331602E+07 0.5669967E+07 0.2959675E+08 0.2526515E+08
153 0.6193898E+00 0.2488408E+07 0.2991339E+07 0.2670354E+08 0.2421513E+08
154 0.4572803E+00 0.4259959E+07 0.5874145E+07 0.2862647E+08 0.2436651E+08
155 0.6877379E+00 0.2543145E+07 0.3295003E+07 0.2619658E+08 0.2365344E+08
156 0.3037084E+00 0.3578518E+07 0.4621880E+07 0.2865837E+08 0.2507985E+08
157 0.6490519E+00 0.3474971E+07 0.4622243E+07 0.2752328E+08 0.2404831E+08
158 0.9006232E+01 0.1019509E+08 0.1570437E+08 0.2547632E+08 0.1528123E+08
159 0.1947562E+00 0.3825984E+07 0.4814577E+07 0.2936121E+08 0.2553522E+08
160 0.2634339E+00 0.4257207E+07 0.5501978E+07 0.2922607E+08 0.2496887E+08
161 0.3892996E+00 0.4708621E+07 0.6740760E+07 0.2894122E+08 0.2423260E+08
162 0.4189070E+00 0.4404207E+07 0.6112460E+07 0.2871626E+08 0.2431206E+08
163 0.3229400E+00 0.3857067E+07 0.4664865E+07 0.2861566E+08 0.2475859E+08
164 0.3568710E+00 0.3357361E+07 0.4048912E+07 0.2830541E+08 0.2494805E+08
165 0.3611215E+00 0.3647144E+07 0.4230048E+07 0.2834107E+08 0.2469393E+08
166 0.3994163E+00 0.3139078E+07 0.3511217E+07 0.2784943E+08 0.2471035E+08
167 0.2725850E+00 0.3479121E+07 0.4426049E+07 0.2875781E+08 0.2527869E+08
168 0.3593830E+00 0.3163177E+07 0.4035354E+07 0.2808370E+08 0.2492053E+08
169 0.7917104E+00 0.3982505E+07 0.5265362E+07 0.2752337E+08 0.2354086E+08
170 0.1003591E+01 0.4903854E+07 0.7353356E+07 0.2743145E+08 0.2252759E+08
171 0.1885256E+00 0.3370481E+07 0.4093273E+07 0.2932665E+08 0.2595617E+08
172 0.3290252E+00 0.4081904E+07 0.5698468E+07 0.2888175E+08 0.2479984E+08
173 0.1813869E+01 0.4047202E+07 0.6734061E+07 0.2542884E+08 0.2138163E+08
174 0.1339151E+00 0.4107616E+07 0.5204367E+07 0.3030115E+08 0.2619353E+08
175 0.2110619E+00 0.4027981E+07 0.5172818E+07 0.2943526E+08 0.2540728E+08
176 0.1822407E+01 0.3123353E+07 0.6467702E+07 0.2406250E+08 0.2093914E+08
177 0.1125075E+00 0.4159119E+07 0.5446112E+07 0.3063714E+08 0.2647802E+08
178 0.1980249E+00 0.3770765E+07 0.4834663E+07 0.2936745E+08 0.2559668E+08
179 0.9850742E+00 0.2983150E+07 0.4531915E+07 0.2565224E+08 0.2266909E+08
180 0.4336967E+00 0.4200672E+07 0.5726681E+07 0.2866730E+08 0.2446663E+08
181 0.3274702E+00 0.3577560E+07 0.4804021E+07 0.2853312E+08 0.2495555E+08
182 0.7388248E+00 0.3001631E+07 0.4806448E+07 0.2657699E+08 0.2357535E+08
183 0.5818577E+00 0.3506535E+07 0.4643440E+07 0.2766496E+08 0.2415843E+08
184 0.2437654E+00 0.4165627E+07 0.5213765E+07 0.2950582E+08 0.2534020E+08
185 0.2294376E+00 0.4120253E+07 0.5258043E+07 0.2942735E+08 0.2530709E+08
186 0.1095288E+02 0.1171162E+08 0.1910784E+08 0.2656980E+08 0.1485818E+08
187 0.1701349E+00 0.3439533E+07 0.4326921E+07 0.2902167E+08 0.2558213E+08
188 0.1694110E+00 0.3549197E+07 0.4341492E+07 0.2919636E+08 0.2564716E+08
189 0.3646987E+00 0.4721264E+07 0.6607352E+07 0.2885844E+08 0.2413718E+08
190 0.3400696E+00 0.4670424E+07 0.6453501E+07 0.2918405E+08 0.2451362E+08
191 0.3520863E+00 0.3897836E+07 0.4834710E+07 0.2844445E+08 0.2454662E+08
192 0.1707836E+00 0.3109264E+07 0.3830259E+07 0.2902428E+08 0.2591501E+08
193 0.4344655E+00 0.3640364E+07 0.4497171E+07 0.2787122E+08 0.2423085E+08
194 0.6313451E+00 0.5052439E+07 0.7514651E+07 0.2860502E+08 0.2355258E+08
195 0.2746887E+00 0.3351223E+07 0.4220873E+07 0.2869409E+08 0.2534287E+08
196 0.2375254E+00 0.3962272E+07 0.5142528E+07 0.2920562E+08 0.2524335E+08
197 0.8364049E+00 0.4544994E+07 0.6179913E+07 0.2750564E+08 0.2296064E+08
198 0.1024911E+01 0.5165322E+07 0.8098649E+07 0.2767074E+08 0.2250542E+08
199 0.2216882E+00 0.3842130E+07 0.4958409E+07 0.2941581E+08 0.2557368E+08
200 0.9823091E+00 0.4479763E+07 0.5821215E+07 0.2686129E+08 0.2238153E+08
