1 0.55273415142571E+06
2 0.31411196888628E+06
3 0.62896848046873E+06
4 0.48778605725046E+06
5 0.55885464191663E+06
6 0.53461268019477E+06
7 0.52099560336030E+06
8 0.50570491145528E+06
9 0.52365970112720E+06
10 0.52329500978340E+06
11 0.49951223225142E+06
12 0.52652291239248E+06
13 0.52317273707076E+06
14 0.49901081692807E+06
15 0.52676972459396E+06
16 0.52315234256334E+06
17 0.49906196107810E+06
18 0.52672092944223E+06
19 0.52314876858688E+06
20 0.49905372435193E+06
21 0.52673205762841E+06
22 0.52315729489694E+06
23 0.49905793410506E+06
24 0.52674473604050E+06
25 0.52315499128658E+06
26 0.49906913728353E+06
27 0.52672350168197E+06
28 0.52314323192877E+06
29 0.49906277707712E+06
30 0.52673612185997E+06
31 0.52316960860504E+06
32 0.49904486777949E+06
33 0.52673268106557E+06
34 0.52315265186425E+06
35 0.49905782258908E+06
36 0.52673749534542E+06
37 0.52315645453281E+06
38 0.49907347207301E+06
39 0.52671792399245E+06
40 0.52317350378648E+06
41 0.49904747362476E+06
42 0.52672338576676E+06
43 0.52315291969268E+06
44 0.49907693884151E+06
45 0.52674953408936E+06
46 0.52317811305666E+06
47 0.49905464359194E+06
48 0.52673346052684E+06
49 0.52316435033004E+06
50 0.49905581946179E+06
51 0.52672546973155E+06
52 0.52317211358873E+06
53 0.49906723227388E+06
54 0.52673907758675E+06
55 0.52315881174389E+06
56 0.49905611351863E+06
57 0.52673800626864E+06
58 0.52316823791249E+06
59 0.49905467260245E+06
60 0.52671967797017E+06
61 0.52316045873322E+06
62 0.49905891200949E+06
63 0.52673825202664E+06
64 0.52315174164340E+06
65 0.49906135907709E+06
66 0.52672961452390E+06
67 0.52314977659386E+06
68 0.49905575898954E+06
69 0.52673855986611E+06
70 0.52315685367877E+06
71 0.49905767806391E+06
72 0.52673767689415E+06
73 0.52315695494956E+06
74 0.49905303209765E+06
75 0.52671765696573E+06
76 0.52315609219895E+06
77 0.49907317985365E+06
78 0.52673616043712E+06
79 0.52315950348281E+06
80 0.49905071578432E+06
81 0.52671793175291E+06
82 0.52315403091143E+06
83 0.49906088928870E+06
84 0.52671831668057E+06
85 0.52315700950036E+06
86 0.49905367697762E+06
87 0.52674671015074E+06
88 0.52316121314982E+06
89 0.49907509059707E+06
90 0.52674518682119E+06
91 0.52315645825255E+06
92 0.49904468354103E+06
93 0.52672314181685E+06
94 0.52314794843992E+06
95 0.49906188429607E+06
96 0.52672467407558E+06
97 0.52315165735531E+06
98 0.49904705672937E+06
99 0.52672403367590E+06
100 0.52315615801781E+06
101 0.49907900360748E+06
102 0.52672680939298E+06
103 0.52315756144189E+06
104 0.49904719588001E+06
105 0.52672586273485E+06
106 0.52316007600423E+06
107 0.49905221284834E+06
108 0.52672976383502E+06
109 0.52315593456933E+06
110 0.49907145742278E+06
111 0.52674435284513E+06
112 0.52314901196804E+06
113 0.49904875104428E+06
114 0.52674263107337E+06
115 0.52316227453748E+06
116 0.49906446498704E+06
117 0.52674215235380E+06
118 0.52315339771730E+06
119 0.49904370780671E+06
120 0.52673305054748E+06
121 0.52317701931871E+06
122 0.49907313112814E+06
123 0.52673579293486E+06
124 0.52315210219081E+06
125 0.49905969648702E+06
126 0.52672324812080E+06
127 0.52314773728443E+06
128 0.49907897283611E+06
129 0.52674455339224E+06
130 0.52315496439169E+06
131 0.49905526787562E+06
132 0.52671996242651E+06
133 0.52315834540219E+06
134 0.49905297167349E+06
135 0.52672545493643E+06
136 0.52314797673948E+06
137 0.49905435914075E+06
138 0.52673501393522E+06
139 0.52315338409803E+06
140 0.49905792591160E+06
141 0.52672154051649E+06
142 0.52315040272011E+06
143 0.49906382148852E+06
144 0.52671875248413E+06
145 0.52315095627845E+06
146 0.49906009544197E+06
147 0.52674039387291E+06
148 0.52314925188645E+06
149 0.49905528835547E+06
150 0.52674653403641E+06
