1 0.3690625E+04
2 0.3690625E+04
3 0.3690625E+04
4 0.3690625E+04
5 0.6695000E+04
6 0.6695000E+04
7 0.6695000E+04
8 0.6721250E+04
9 0.6721250E+04
10 0.6721250E+04
11 0.6721250E+04
12 0.6721250E+04
13 0.6721250E+04
14 0.6721250E+04
15 0.6841250E+04
16 0.6841250E+04
17 0.6841250E+04
18 0.6841250E+04
19 0.6841250E+04
20 0.6841250E+04
21 0.6841250E+04
22 0.7368750E+04
23 0.7368750E+04
24 0.7368750E+04
25 0.7368750E+04
26 0.7368750E+04
27 0.7368750E+04
28 0.7368750E+04
29 0.7368750E+04
30 0.7368750E+04
31 0.7368750E+04
32 0.7368750E+04
33 0.7368750E+04
34 0.7368750E+04
35 0.7368750E+04
36 0.7368750E+04
37 0.8127500E+04
38 0.8127500E+04
39 0.8127500E+04
40 0.8127500E+04
41 0.8127500E+04
42 0.8127500E+04
43 0.8127500E+04
44 0.8127500E+04
45 0.8127500E+04
46 0.8127500E+04
47 0.8127500E+04
48 0.8127500E+04
49 0.8127500E+04
50 0.8127500E+04
51 0.8127500E+04
52 0.8127500E+04
53 0.8127500E+04
54 0.8127500E+04
55 0.8127500E+04
56 0.8127500E+04
57 0.8127500E+04
58 0.8127500E+04
59 0.8127500E+04
60 0.8127500E+04
61 0.8127500E+04
62 0.8127500E+04
63 0.8206250E+04
64 0.8206250E+04
65 0.8206250E+04
66 0.8206250E+04
67 0.8206250E+04
68 0.8206250E+04
69 0.8206250E+04
70 0.8206250E+04
71 0.8206250E+04
72 0.8206250E+04
73 0.8206250E+04
74 0.8206250E+04
75 0.8206250E+04
76 0.8206250E+04
77 0.8206250E+04
78 0.8206250E+04
79 0.8206250E+04
80 0.8206250E+04
81 0.8206250E+04
82 0.8206250E+04
83 0.8206250E+04
84 0.8206250E+04
85 0.8206250E+04
86 0.8206250E+04
87 0.8206250E+04
88 0.8206250E+04
89 0.8206250E+04
90 0.8206250E+04
91 0.8206250E+04
92 0.8206250E+04
93 0.8206250E+04
94 0.8206250E+04
95 0.8206250E+04
96 0.8206250E+04
97 0.8206250E+04
98 0.8206250E+04
99 0.8206250E+04
100 0.8206250E+04
101 0.8206250E+04
102 0.8206250E+04
103 0.8206250E+04
104 0.8206250E+04
105 0.8045000E+04
106 0.8045000E+04
107 0.8045000E+04
108 0.8045000E+04
109 0.8045000E+04
110 0.8045000E+04
111 0.8045000E+04
112 0.8045000E+04
113 0.8045000E+04
114 0.8045000E+04
115 0.8045000E+04
116 0.8045000E+04
117 0.8045000E+04
118 0.8045000E+04
119 0.8045000E+04
120 0.8045000E+04
121 0.8045000E+04
122 0.8045000E+04
123 0.8045000E+04
124 0.8045000E+04
125 0.8045000E+04
126 0.8045000E+04
127 0.8045000E+04
128 0.8045000E+04
129 0.8045000E+04
130 0.8045000E+04
131 0.8045000E+04
132 0.8045000E+04
133 0.8045000E+04
134 0.8045000E+04
135 0.8045000E+04
136 0.8045000E+04
137 0.8045000E+04
138 0.8045000E+04
139 0.8045000E+04
140 0.8045000E+04
141 0.8045000E+04
142 0.8045000E+04
143 0.8045000E+04
144 0.8045000E+04
145 0.8045000E+04
146 0.8045000E+04
147 0.8045000E+04
148 0.8045000E+04
149 0.8045000E+04
150 0.8045000E+04
