1 0.69933078823689E+05
2 0.10073303886258E+06
3 0.10302895255423E+06
4 0.51376761961249E+05
5 0.11448642785506E+06
6 0.10106155507462E+06
7 0.11371312633691E+06
8 0.79942388652467E+05
9 0.10899532669041E+06
10 0.13252832565319E+06
11 0.10260801080189E+06
12 0.10064289095606E+06
13 0.13705127003848E+06
14 0.10564504778015E+06
15 0.89086385584225E+05
16 0.11817585748688E+06
17 0.15093868624318E+06
18 0.10318948841255E+06
19 0.84075271509343E+05
20 0.10855567648815E+06
21 0.14135468175866E+06
22 0.97236678598971E+05
23 0.99084013690054E+05
24 0.11049666921493E+06
25 0.10727142657157E+06
26 0.12038982021600E+06
27 0.96803533221088E+05
28 0.96126890570265E+05
29 0.94338107262842E+05
30 0.11245209672631E+06
31 0.14717040316032E+06
32 0.97214808713174E+05
33 0.10145956952913E+06
34 0.84899784686776E+05
35 0.10398494072411E+06
36 0.12220054829545E+06
37 0.95869029294145E+05
38 0.96878691751861E+05
39 0.98010256578001E+05
40 0.11214019674768E+06
41 0.13501100043854E+06
42 0.93752882385520E+05
43 0.11530140775327E+06
44 0.16147224099658E+06
45 0.11409482639594E+06
46 0.10021952554934E+06
47 0.12659548210384E+06
48 0.97374451064224E+05
49 0.96371075607169E+05
50 0.10626360350702E+06
51 0.13000596307977E+06
52 0.98460144075935E+05
53 0.87661159639387E+05
54 0.11195590609521E+06
55 0.13430492197308E+06
56 0.10056636720457E+06
57 0.79372272479647E+05
58 0.11586639389446E+06
59 0.15633295468914E+06
60 0.99141408551468E+05
61 0.10540210561841E+06
62 0.98781043008540E+05
63 0.12613918938433E+06
64 0.88005743861191E+05
65 0.97785009728036E+05
66 0.10573083504634E+06
67 0.13977762507798E+06
68 0.99737538027325E+05
69 0.89192474099046E+05
70 0.11503928504456E+06
71 0.14699256281009E+06
72 0.95321150700858E+05
73 0.10144784867513E+06
74 0.98945582744145E+05
75 0.10550718871548E+06
76 0.11437897490035E+06
77 0.77630318105621E+05
78 0.80514103901635E+05
79 0.94826397434384E+05
80 0.14457124713898E+06
81 0.87135694654991E+05
82 0.96647049974049E+05
83 0.94435931114116E+05
84 0.97944978222338E+05
85 0.11853996216184E+06
86 0.93683045126145E+05
87 0.96458494785535E+05
88 0.10232151891727E+06
89 0.10863956383197E+06
90 0.10805988382933E+06
91 0.11886180919274E+06
92 0.96722239846350E+05
93 0.87274886285435E+05
94 0.11157589690038E+06
95 0.99089070191071E+05
96 0.15734465972969E+06
97 0.10285890317068E+06
98 0.95458620656852E+05
99 0.98035587254749E+05
100 0.12967878826391E+06
101 0.98325590306460E+05
102 0.91572913919215E+05
103 0.94269725922682E+05
104 0.14512209039947E+06
105 0.93219498193088E+05
106 0.79739045786863E+05
107 0.13378741638172E+06
108 0.94290665959878E+05
109 0.92971671392392E+05
110 0.12685620745452E+06
111 0.93806069673444E+05
112 0.87728657126173E+05
113 0.10494768773994E+06
114 0.17466563541851E+06
115 0.87502094260763E+05
116 0.98051411709694E+05
117 0.12686586974563E+06
118 0.97537968790751E+05
119 0.10865681651554E+06
120 0.74934478924602E+05
121 0.12555508281761E+06
122 0.99046242338676E+05
123 0.94992832314510E+05
124 0.12623312912477E+06
125 0.92669579584161E+05
126 0.92261028563129E+05
127 0.12773043570263E+06
128 0.94321550982505E+05
129 0.10525353061142E+06
130 0.70243026126440E+05
131 0.11192188858456E+06
132 0.12124907219206E+06
133 0.97859324853532E+05
134 0.94476024789730E+05
135 0.10124828181120E+06
136 0.14838273247313E+06
137 0.10299513481988E+06
138 0.11503571975391E+06
139 0.10662036961579E+06
140 0.12595449452887E+06
141 0.15454220729433E+06
142 0.10430381663283E+06
143 0.11084682288223E+06
144 0.95266998251946E+05
145 0.10335713903494E+06
146 0.12216758500729E+06
147 0.93785840720584E+05
148 0.99950603184867E+05
149 0.11343950782690E+06
150 0.11010065883491E+06
