1 0.2646642E+00 0.4437894E+07 0.9601430E+07 0.3270714E+08 0.2826925E+08
2 0.1694796E+00 0.3436181E+07 0.4654066E+07 0.3097571E+08 0.2753953E+08
3 0.2904839E+00 0.3019462E+07 0.4265638E+07 0.3056091E+08 0.2754145E+08
4 0.6921663E-01 0.3387478E+07 0.4538091E+07 0.3100292E+08 0.2761544E+08
5 0.5556766E+00 0.2479640E+07 0.3442502E+07 0.3023271E+08 0.2775307E+08
6 0.5390173E+00 0.2383830E+07 0.3284941E+07 0.3019344E+08 0.2780961E+08
7 0.5490786E+00 0.2412930E+07 0.3340900E+07 0.3020588E+08 0.2779295E+08
8 0.5462533E+00 0.2403979E+07 0.3316437E+07 0.3019604E+08 0.2779206E+08
9 0.5463122E+00 0.2408347E+07 0.3320054E+07 0.3019793E+08 0.2778958E+08
10 0.5464309E+00 0.2408162E+07 0.3319544E+07 0.3019760E+08 0.2778943E+08
11 0.5464117E+00 0.2408147E+07 0.3319621E+07 0.3019772E+08 0.2778957E+08
12 0.5464079E+00 0.2407711E+07 0.3319346E+07 0.3019752E+08 0.2778981E+08
13 0.5464055E+00 0.2407715E+07 0.3319322E+07 0.3019747E+08 0.2778976E+08
14 0.5464099E+00 0.2408176E+07 0.3319554E+07 0.3019759E+08 0.2778942E+08
15 0.5464046E+00 0.2407710E+07 0.3319303E+07 0.3019744E+08 0.2778973E+08
16 0.5464103E+00 0.2408179E+07 0.3319558E+07 0.3019760E+08 0.2778942E+08
17 0.5464107E+00 0.2408156E+07 0.3319575E+07 0.3019764E+08 0.2778949E+08
18 0.5464103E+00 0.2408167E+07 0.3319565E+07 0.3019762E+08 0.2778945E+08
19 0.5464107E+00 0.2408167E+07 0.3319568E+07 0.3019762E+08 0.2778946E+08
20 0.5464057E+00 0.2407693E+07 0.3319335E+07 0.3019751E+08 0.2778982E+08
21 0.5464111E+00 0.2408135E+07 0.3319603E+07 0.3019770E+08 0.2778956E+08
22 0.5464103E+00 0.2408085E+07 0.3319636E+07 0.3019778E+08 0.2778970E+08
23 0.5464110E+00 0.2408145E+07 0.3319594E+07 0.3019768E+08 0.2778954E+08
24 0.5464102E+00 0.2408166E+07 0.3319562E+07 0.3019761E+08 0.2778945E+08
25 0.5464109E+00 0.2408139E+07 0.3319594E+07 0.3019768E+08 0.2778954E+08
26 0.5464098E+00 0.2408182E+07 0.3319545E+07 0.3019757E+08 0.2778939E+08
27 0.5464109E+00 0.2408173E+07 0.3319565E+07 0.3019761E+08 0.2778944E+08
28 0.5464110E+00 0.2408079E+07 0.3319648E+07 0.3019780E+08 0.2778973E+08
29 0.5464108E+00 0.2408125E+07 0.3319610E+07 0.3019772E+08 0.2778959E+08
30 0.5464103E+00 0.2408113E+07 0.3319610E+07 0.3019772E+08 0.2778961E+08
31 0.5464102E+00 0.2408180E+07 0.3319553E+07 0.3019759E+08 0.2778941E+08
32 0.5464110E+00 0.2408138E+07 0.3319596E+07 0.3019769E+08 0.2778955E+08
33 0.5464102E+00 0.2408108E+07 0.3319614E+07 0.3019773E+08 0.2778963E+08
34 0.5464107E+00 0.2408112E+07 0.3319617E+07 0.3019774E+08 0.2778962E+08
35 0.5464106E+00 0.2408137E+07 0.3319594E+07 0.3019769E+08 0.2778955E+08
36 0.5464055E+00 0.2407695E+07 0.3319331E+07 0.3019750E+08 0.2778981E+08
37 0.5464111E+00 0.2408126E+07 0.3319610E+07 0.3019772E+08 0.2778959E+08
38 0.5464043E+00 0.2407702E+07 0.3319309E+07 0.3019746E+08 0.2778976E+08
39 0.5464109E+00 0.2408175E+07 0.3319567E+07 0.3019762E+08 0.2778944E+08
40 0.5464105E+00 0.2408097E+07 0.3319623E+07 0.3019775E+08 0.2778966E+08
41 0.5464100E+00 0.2408180E+07 0.3319553E+07 0.3019759E+08 0.2778941E+08
42 0.5464053E+00 0.2407707E+07 0.3319315E+07 0.3019746E+08 0.2778976E+08
43 0.5464105E+00 0.2408169E+07 0.3319568E+07 0.3019762E+08 0.2778945E+08
44 0.5464106E+00 0.2408145E+07 0.3319583E+07 0.3019766E+08 0.2778952E+08
45 0.5464106E+00 0.2408132E+07 0.3319599E+07 0.3019770E+08 0.2778956E+08
46 0.5464057E+00 0.2407691E+07 0.3319339E+07 0.3019752E+08 0.2778983E+08
47 0.5464112E+00 0.2408131E+07 0.3319606E+07 0.3019771E+08 0.2778957E+08
48 0.5464104E+00 0.2408078E+07 0.3319643E+07 0.3019780E+08 0.2778972E+08
49 0.5464058E+00 0.2407703E+07 0.3319331E+07 0.3019750E+08 0.2778979E+08
50 0.5464109E+00 0.2408143E+07 0.3319591E+07 0.3019768E+08 0.2778953E+08
51 0.5464042E+00 0.2407706E+07 0.3319303E+07 0.3019745E+08 0.2778974E+08
52 0.5464111E+00 0.2408130E+07 0.3319608E+07 0.3019771E+08 0.2778958E+08
53 0.5464099E+00 0.2408167E+07 0.3319558E+07 0.3019761E+08 0.2778944E+08
54 0.5464104E+00 0.2408183E+07 0.3319550E+07 0.3019758E+08 0.2778940E+08
55 0.5464107E+00 0.2408164E+07 0.3319570E+07 0.3019763E+08 0.2778946E+08
56 0.5464105E+00 0.2408111E+07 0.3319614E+07 0.3019773E+08 0.2778962E+08
57 0.5464056E+00 0.2407693E+07 0.3319338E+07 0.3019752E+08 0.2778982E+08
58 0.5464116E+00 0.2408088E+07 0.3319650E+07 0.3019780E+08 0.2778971E+08
59 0.5464104E+00 0.2408127E+07 0.3319601E+07 0.3019770E+08 0.2778958E+08
60 0.5464104E+00 0.2408126E+07 0.3319601E+07 0.3019770E+08 0.2778958E+08
61 0.5464105E+00 0.2408160E+07 0.3319573E+07 0.3019764E+08 0.2778948E+08
62 0.5464109E+00 0.2408091E+07 0.3319636E+07 0.3019778E+08 0.2778969E+08
63 0.5464051E+00 0.2407705E+07 0.3319321E+07 0.3019748E+08 0.2778977E+08
64 0.5464110E+00 0.2408140E+07 0.3319597E+07 0.3019769E+08 0.2778955E+08
65 0.5464053E+00 0.2407687E+07 0.3319336E+07 0.3019752E+08 0.2778983E+08
66 0.5464115E+00 0.2408094E+07 0.3319643E+07 0.3019779E+08 0.2778969E+08
67 0.5464044E+00 0.2407707E+07 0.3319308E+07 0.3019745E+08 0.2778975E+08
68 0.5464114E+00 0.2408085E+07 0.3319652E+07 0.3019781E+08 0.2778972E+08
69 0.5464055E+00 0.2407695E+07 0.3319333E+07 0.3019751E+08 0.2778981E+08
70 0.5464110E+00 0.2408141E+07 0.3319595E+07 0.3019768E+08 0.2778954E+08
71 0.5464101E+00 0.2408140E+07 0.3319585E+07 0.3019767E+08 0.2778953E+08
72 0.5464109E+00 0.2408091E+07 0.3319639E+07 0.3019778E+08 0.2778969E+08
73 0.5464107E+00 0.2408108E+07 0.3319622E+07 0.3019775E+08 0.2778964E+08
74 0.5464105E+00 0.2408139E+07 0.3319591E+07 0.3019768E+08 0.2778954E+08
75 0.5464106E+00 0.2408122E+07 0.3319605E+07 0.3019771E+08 0.2778959E+08
76 0.5464101E+00 0.2408177E+07 0.3319553E+07 0.3019759E+08 0.2778941E+08
77 0.5464113E+00 0.2408089E+07 0.3319642E+07 0.3019779E+08 0.2778970E+08
78 0.5464052E+00 0.2407699E+07 0.3319327E+07 0.3019749E+08 0.2778979E+08
79 0.5464104E+00 0.2408186E+07 0.3319549E+07 0.3019757E+08 0.2778939E+08
80 0.5464108E+00 0.2408086E+07 0.3319639E+07 0.3019779E+08 0.2778970E+08
81 0.5464094E+00 0.2408196E+07 0.3319531E+07 0.3019753E+08 0.2778934E+08
82 0.5464111E+00 0.2408153E+07 0.3319585E+07 0.3019766E+08 0.2778951E+08
83 0.5464102E+00 0.2408097E+07 0.3319623E+07 0.3019775E+08 0.2778966E+08
84 0.5464109E+00 0.2408094E+07 0.3319638E+07 0.3019778E+08 0.2778969E+08
85 0.5464109E+00 0.2408096E+07 0.3319634E+07 0.3019777E+08 0.2778968E+08
86 0.5464110E+00 0.2408081E+07 0.3319650E+07 0.3019781E+08 0.2778973E+08
87 0.5464048E+00 0.2407715E+07 0.3319305E+07 0.3019744E+08 0.2778973E+08
88 0.5464054E+00 0.2407698E+07 0.3319329E+07 0.3019750E+08 0.2778980E+08
89 0.5464055E+00 0.2407703E+07 0.3319324E+07 0.3019748E+08 0.2778978E+08
90 0.5464107E+00 0.2408140E+07 0.3319593E+07 0.3019768E+08 0.2778954E+08
91 0.5464054E+00 0.2407688E+07 0.3319336E+07 0.3019752E+08 0.2778983E+08
92 0.5464057E+00 0.2407710E+07 0.3319321E+07 0.3019747E+08 0.2778976E+08
93 0.5464096E+00 0.2408190E+07 0.3319537E+07 0.3019755E+08 0.2778936E+08
94 0.5464111E+00 0.2408086E+07 0.3319645E+07 0.3019779E+08 0.2778971E+08
95 0.5464099E+00 0.2408182E+07 0.3319549E+07 0.3019758E+08 0.2778940E+08
96 0.5464110E+00 0.2408102E+07 0.3319626E+07 0.3019775E+08 0.2778965E+08
97 0.5464103E+00 0.2408151E+07 0.3319581E+07 0.3019766E+08 0.2778951E+08
98 0.5464110E+00 0.2408088E+07 0.3319640E+07 0.3019779E+08 0.2778970E+08
99 0.5464108E+00 0.2408103E+07 0.3319628E+07 0.3019776E+08 0.2778966E+08
100 0.5464105E+00 0.2408110E+07 0.3319615E+07 0.3019773E+08 0.2778962E+08
101 0.5464106E+00 0.2408120E+07 0.3319608E+07 0.3019772E+08 0.2778960E+08
102 0.5464105E+00 0.2408116E+07 0.3319611E+07 0.3019772E+08 0.2778961E+08
103 0.5464108E+00 0.2408087E+07 0.3319641E+07 0.3019779E+08 0.2778970E+08
104 0.5464108E+00 0.2408149E+07 0.3319588E+07 0.3019767E+08 0.2778952E+08
105 0.5464047E+00 0.2407704E+07 0.3319310E+07 0.3019746E+08 0.2778975E+08
106 0.5464107E+00 0.2408177E+07 0.3319564E+07 0.3019761E+08 0.2778943E+08
107 0.5464048E+00 0.2407703E+07 0.3319311E+07 0.3019746E+08 0.2778976E+08
108 0.5464108E+00 0.2408166E+07 0.3319575E+07 0.3019764E+08 0.2778947E+08
109 0.5464049E+00 0.2407699E+07 0.3319317E+07 0.3019747E+08 0.2778977E+08
110 0.5464056E+00 0.2407707E+07 0.3319325E+07 0.3019748E+08 0.2778978E+08
111 0.5464102E+00 0.2408179E+07 0.3319553E+07 0.3019759E+08 0.2778941E+08
112 0.5464105E+00 0.2408160E+07 0.3319571E+07 0.3019763E+08 0.2778947E+08
113 0.5464096E+00 0.2408191E+07 0.3319534E+07 0.3019754E+08 0.2778935E+08
114 0.5464111E+00 0.2408123E+07 0.3319612E+07 0.3019772E+08 0.2778960E+08
115 0.5464044E+00 0.2407704E+07 0.3319310E+07 0.3019746E+08 0.2778976E+08
116 0.5464113E+00 0.2408100E+07 0.3319636E+07 0.3019777E+08 0.2778967E+08
117 0.5464048E+00 0.2407699E+07 0.3319320E+07 0.3019748E+08 0.2778978E+08
118 0.5464110E+00 0.2408165E+07 0.3319576E+07 0.3019764E+08 0.2778947E+08
119 0.5464094E+00 0.2408185E+07 0.3319535E+07 0.3019755E+08 0.2778937E+08
120 0.5464111E+00 0.2408114E+07 0.3319620E+07 0.3019774E+08 0.2778962E+08
121 0.5464102E+00 0.2408104E+07 0.3319618E+07 0.3019774E+08 0.2778964E+08
122 0.5464104E+00 0.2408175E+07 0.3319560E+07 0.3019761E+08 0.2778943E+08
123 0.5464104E+00 0.2408181E+07 0.3319550E+07 0.3019758E+08 0.2778940E+08
124 0.5464108E+00 0.2408133E+07 0.3319599E+07 0.3019769E+08 0.2778956E+08
125 0.5464103E+00 0.2408104E+07 0.3319619E+07 0.3019774E+08 0.2778964E+08
126 0.5464106E+00 0.2408163E+07 0.3319573E+07 0.3019764E+08 0.2778947E+08
127 0.5464106E+00 0.2408165E+07 0.3319567E+07 0.3019762E+08 0.2778946E+08
128 0.5464048E+00 0.2407709E+07 0.3319309E+07 0.3019745E+08 0.2778975E+08
129 0.5464102E+00 0.2408190E+07 0.3319545E+07 0.3019757E+08 0.2778938E+08
130 0.5464050E+00 0.2407706E+07 0.3319313E+07 0.3019746E+08 0.2778975E+08
131 0.5464049E+00 0.2407710E+07 0.3319314E+07 0.3019746E+08 0.2778975E+08
132 0.5464097E+00 0.2408194E+07 0.3319534E+07 0.3019754E+08 0.2778935E+08
133 0.5464107E+00 0.2408162E+07 0.3319572E+07 0.3019763E+08 0.2778947E+08
134 0.5464055E+00 0.2407689E+07 0.3319337E+07 0.3019752E+08 0.2778983E+08
135 0.5464113E+00 0.2408099E+07 0.3319637E+07 0.3019777E+08 0.2778968E+08
136 0.5464101E+00 0.2408162E+07 0.3319568E+07 0.3019763E+08 0.2778947E+08
137 0.5464105E+00 0.2408174E+07 0.3319558E+07 0.3019760E+08 0.2778943E+08
138 0.5464112E+00 0.2408082E+07 0.3319649E+07 0.3019780E+08 0.2778972E+08
139 0.5464060E+00 0.2407692E+07 0.3319344E+07 0.3019753E+08 0.2778984E+08
140 0.5464110E+00 0.2408121E+07 0.3319611E+07 0.3019772E+08 0.2778960E+08
141 0.5464101E+00 0.2408132E+07 0.3319593E+07 0.3019769E+08 0.2778956E+08
142 0.5464107E+00 0.2408152E+07 0.3319582E+07 0.3019766E+08 0.2778951E+08
143 0.5464107E+00 0.2408099E+07 0.3319627E+07 0.3019776E+08 0.2778966E+08
144 0.5464104E+00 0.2408167E+07 0.3319568E+07 0.3019763E+08 0.2778946E+08
145 0.5464108E+00 0.2408153E+07 0.3319579E+07 0.3019765E+08 0.2778950E+08
146 0.5464058E+00 0.2407688E+07 0.3319342E+07 0.3019753E+08 0.2778984E+08
147 0.5464112E+00 0.2408101E+07 0.3319633E+07 0.3019777E+08 0.2778967E+08
148 0.5464053E+00 0.2407690E+07 0.3319336E+07 0.3019752E+08 0.2778983E+08
149 0.5464110E+00 0.2408175E+07 0.3319566E+07 0.3019761E+08 0.2778944E+08
150 0.5464046E+00 0.2407704E+07 0.3319308E+07 0.3019746E+08 0.2778975E+08
