1 0.2560235E+00 0.3663877E+07 0.9219984E+07 0.3190644E+08 0.2824256E+08
2 0.1600827E+00 0.3152424E+07 0.4347120E+07 0.3047768E+08 0.2732526E+08
3 0.1138458E+00 0.2815639E+07 0.3457996E+07 0.3037518E+08 0.2755954E+08
4 0.7386658E-01 0.2536138E+07 0.4136087E+07 0.2979053E+08 0.2725439E+08
5 0.5952132E-01 0.3351626E+07 0.4353109E+07 0.3115767E+08 0.2780604E+08
6 0.1879997E+00 0.2392522E+07 0.3093013E+07 0.2990206E+08 0.2750954E+08
7 0.1604422E+00 0.2727764E+07 0.3900858E+07 0.3039722E+08 0.2766946E+08
8 0.9601073E-01 0.3007656E+07 0.3465525E+07 0.3050607E+08 0.2749841E+08
9 0.6291995E+00 0.2183575E+07 0.3738385E+07 0.3031174E+08 0.2812816E+08
10 0.1451520E+00 0.2239358E+07 0.2739271E+07 0.2975609E+08 0.2751673E+08
11 0.1478230E+00 0.2114251E+07 0.2531945E+07 0.2965836E+08 0.2754411E+08
12 0.5507833E+00 0.2132892E+07 0.3366050E+07 0.3005772E+08 0.2792482E+08
13 0.1449340E+00 0.2312534E+07 0.2851625E+07 0.2983425E+08 0.2752171E+08
14 0.1415004E+00 0.2310475E+07 0.2769832E+07 0.2982164E+08 0.2751116E+08
15 0.5514412E+00 0.2161005E+07 0.3370814E+07 0.3005141E+08 0.2789040E+08
16 0.1336584E+00 0.2426702E+07 0.3005554E+07 0.2996638E+08 0.2753968E+08
17 0.1412586E+00 0.2296427E+07 0.2768974E+07 0.2981709E+08 0.2752067E+08
18 0.5609299E+00 0.2163815E+07 0.3415364E+07 0.3008053E+08 0.2791671E+08
19 0.1270161E+00 0.2491699E+07 0.3055492E+07 0.3001358E+08 0.2752188E+08
20 0.1420475E+00 0.2323855E+07 0.2783710E+07 0.2982033E+08 0.2749647E+08
21 0.5553091E+00 0.2170402E+07 0.3387136E+07 0.3005751E+08 0.2788711E+08
22 0.1231568E+00 0.2447104E+07 0.3042768E+07 0.2999996E+08 0.2755285E+08
23 0.1404348E+00 0.2304681E+07 0.2773516E+07 0.2982039E+08 0.2751571E+08
24 0.6145559E+00 0.2184583E+07 0.3669484E+07 0.3026225E+08 0.2807767E+08
25 0.1330593E+00 0.2507986E+07 0.2995596E+07 0.2996729E+08 0.2745931E+08
26 0.1499277E+00 0.2085773E+07 0.2505664E+07 0.2962977E+08 0.2754400E+08
27 0.5539596E+00 0.2130704E+07 0.3374580E+07 0.3006935E+08 0.2793864E+08
28 0.1490993E+00 0.2320351E+07 0.2822901E+07 0.2981342E+08 0.2749307E+08
29 0.1387360E+00 0.2295579E+07 0.2760458E+07 0.2983337E+08 0.2753779E+08
30 0.5571683E+00 0.2153283E+07 0.3395095E+07 0.3007250E+08 0.2791922E+08
31 0.1357554E+00 0.2407244E+07 0.2974666E+07 0.2993668E+08 0.2752944E+08
32 0.1411132E+00 0.2278881E+07 0.2752527E+07 0.2980720E+08 0.2752832E+08
33 0.5553808E+00 0.2166195E+07 0.3387855E+07 0.3006186E+08 0.2789567E+08
34 0.1278814E+00 0.2477186E+07 0.3054140E+07 0.3000604E+08 0.2752885E+08
35 0.1414796E+00 0.2301137E+07 0.2786113E+07 0.2982206E+08 0.2752092E+08
36 0.5590627E+00 0.2169701E+07 0.3405765E+07 0.3007219E+08 0.2790249E+08
37 0.1244766E+00 0.2489638E+07 0.3049150E+07 0.3000723E+08 0.2751759E+08
38 0.1411637E+00 0.2299297E+07 0.2782828E+07 0.2982036E+08 0.2752107E+08
39 0.6270483E+00 0.2182990E+07 0.3727075E+07 0.3030559E+08 0.2812260E+08
40 0.1345598E+00 0.2452340E+07 0.2956060E+07 0.2993118E+08 0.2747884E+08
41 0.1538817E+00 0.1933471E+07 0.2323219E+07 0.2952057E+08 0.2758710E+08
42 0.5248707E+00 0.2125975E+07 0.3244919E+07 0.2996432E+08 0.2783834E+08
43 0.1785254E+00 0.1674733E+07 0.2033933E+07 0.2931850E+08 0.2764377E+08
44 0.2359058E+00 0.1436841E+07 0.2033250E+07 0.2895476E+08 0.2751792E+08
45 0.1127295E+00 0.2527789E+07 0.3030220E+07 0.3007939E+08 0.2755160E+08
46 0.3785375E+00 0.1904677E+07 0.2460044E+07 0.2942502E+08 0.2752034E+08
47 0.1785404E+00 0.1767213E+07 0.2183472E+07 0.2940045E+08 0.2763323E+08
48 0.2658849E+00 0.1586423E+07 0.2191172E+07 0.2905091E+08 0.2746449E+08
49 0.3312485E+00 0.1752313E+07 0.2218999E+07 0.2941833E+08 0.2766602E+08
50 0.1852492E+00 0.1617733E+07 0.1874414E+07 0.2924808E+08 0.2763035E+08
51 0.1907956E+00 0.1713974E+07 0.2756950E+07 0.2932703E+08 0.2761305E+08
52 0.3128122E+00 0.1710479E+07 0.2181598E+07 0.2929023E+08 0.2757975E+08
53 0.3967583E+00 0.1884777E+07 0.2525542E+07 0.2960288E+08 0.2771810E+08
54 0.1684272E+00 0.1881975E+07 0.2258265E+07 0.2947991E+08 0.2759793E+08
55 0.2233177E+00 0.1424072E+07 0.2138929E+07 0.2905230E+08 0.2762823E+08
56 0.1800088E+00 0.2034121E+07 0.2840326E+07 0.2960424E+08 0.2757012E+08
57 0.6775304E-01 0.3322333E+07 0.3971813E+07 0.3079126E+08 0.2746893E+08
58 0.5720010E+00 0.2126233E+07 0.3470408E+07 0.3014582E+08 0.2801958E+08
59 0.1431254E+00 0.2367637E+07 0.2836012E+07 0.2984118E+08 0.2747354E+08
60 0.1374374E+00 0.2294703E+07 0.2762623E+07 0.2983060E+08 0.2753589E+08
61 0.5707996E+00 0.2157422E+07 0.3457211E+07 0.3011691E+08 0.2795949E+08
62 0.1379876E+00 0.2471761E+07 0.2989495E+07 0.2995726E+08 0.2748549E+08
63 0.1420517E+00 0.2330270E+07 0.2793116E+07 0.2982426E+08 0.2749400E+08
64 0.5474444E+00 0.2164442E+07 0.3352898E+07 0.3003535E+08 0.2787090E+08
65 0.1285248E+00 0.2493967E+07 0.3073370E+07 0.3001439E+08 0.2752043E+08
66 0.1406636E+00 0.2326432E+07 0.2797116E+07 0.2983554E+08 0.2750910E+08
67 0.5622214E+00 0.2164960E+07 0.3422026E+07 0.3008327E+08 0.2791831E+08
68 0.1250214E+00 0.2507018E+07 0.3045296E+07 0.3001308E+08 0.2750606E+08
69 0.1414724E+00 0.2309867E+07 0.2782562E+07 0.2982039E+08 0.2751052E+08
70 0.6307836E+00 0.2190326E+07 0.3743031E+07 0.3031798E+08 0.2812765E+08
71 0.1350568E+00 0.2444183E+07 0.2940710E+07 0.2992079E+08 0.2747660E+08
72 0.1545282E+00 0.1888424E+07 0.2273754E+07 0.2949142E+08 0.2760300E+08
73 0.5204857E+00 0.2118138E+07 0.3222120E+07 0.2995118E+08 0.2783304E+08
74 0.1789656E+00 0.1667011E+07 0.2005988E+07 0.2930674E+08 0.2763972E+08
75 0.2312111E+00 0.1416241E+07 0.1991617E+07 0.2893494E+08 0.2751869E+08
76 0.3761722E+00 0.1836446E+07 0.2437109E+07 0.2951411E+08 0.2767767E+08
77 0.1607380E+00 0.2186495E+07 0.2629678E+07 0.2971647E+08 0.2752997E+08
78 0.3427575E+00 0.1803428E+07 0.2398815E+07 0.2926361E+08 0.2746018E+08
79 0.1722101E+00 0.1857804E+07 0.2197617E+07 0.2943457E+08 0.2757676E+08
80 0.2080108E+00 0.1620990E+07 0.2292963E+07 0.2922883E+08 0.2760784E+08
81 0.2103615E+00 0.1616293E+07 0.2133783E+07 0.2917410E+08 0.2755781E+08
82 0.1675380E+00 0.1897496E+07 0.2849028E+07 0.2956639E+08 0.2766889E+08
83 0.3953923E+00 0.1908608E+07 0.2531412E+07 0.2953427E+08 0.2762566E+08
84 0.3806822E+00 0.1834350E+07 0.2487363E+07 0.2957529E+08 0.2774094E+08
85 0.1464179E+00 0.2347560E+07 0.2745186E+07 0.2986445E+08 0.2751689E+08
86 0.3706790E+00 0.1871969E+07 0.2513094E+07 0.2935848E+08 0.2748651E+08
87 0.1755083E+00 0.1902087E+07 0.2260679E+07 0.2945479E+08 0.2755271E+08
88 0.2105200E+00 0.1653504E+07 0.2324888E+07 0.2923217E+08 0.2757866E+08
89 0.2076387E+00 0.1675272E+07 0.2206203E+07 0.2923218E+08 0.2755691E+08
90 0.1750545E+00 0.1999697E+07 0.2761525E+07 0.2958515E+08 0.2758545E+08
91 0.4047143E+00 0.1929765E+07 0.2580021E+07 0.2956527E+08 0.2763550E+08
92 0.3811757E+00 0.1838116E+07 0.2492255E+07 0.2957307E+08 0.2773495E+08
93 0.1464887E+00 0.2283975E+07 0.2672732E+07 0.2983239E+08 0.2754841E+08
94 0.3659091E+00 0.1861124E+07 0.2488013E+07 0.2934290E+08 0.2748178E+08
95 0.1756670E+00 0.1874271E+07 0.2224987E+07 0.2943808E+08 0.2756381E+08
96 0.2092964E+00 0.1664136E+07 0.2337481E+07 0.2923512E+08 0.2757099E+08
97 0.2086046E+00 0.1648366E+07 0.2185899E+07 0.2921610E+08 0.2756773E+08
98 0.1732524E+00 0.1938184E+07 0.2760250E+07 0.2955419E+08 0.2761600E+08
99 0.4000635E+00 0.1921073E+07 0.2555854E+07 0.2955047E+08 0.2762939E+08
100 0.3827548E+00 0.1838405E+07 0.2499917E+07 0.2957687E+08 0.2773847E+08
101 0.1467378E+00 0.2276903E+07 0.2656882E+07 0.2982497E+08 0.2754807E+08
102 0.3645950E+00 0.1860017E+07 0.2480085E+07 0.2933793E+08 0.2747791E+08
103 0.1756093E+00 0.1875656E+07 0.2220806E+07 0.2943704E+08 0.2756138E+08
104 0.2092360E+00 0.1665781E+07 0.2337817E+07 0.2923621E+08 0.2757043E+08
105 0.2088255E+00 0.1641434E+07 0.2180711E+07 0.2921170E+08 0.2757027E+08
106 0.1730621E+00 0.1943085E+07 0.2766833E+07 0.2955431E+08 0.2761123E+08
107 0.3992913E+00 0.1916968E+07 0.2551748E+07 0.2954778E+08 0.2763081E+08
108 0.3829109E+00 0.1839178E+07 0.2500310E+07 0.2957739E+08 0.2773822E+08
109 0.1467423E+00 0.2284394E+07 0.2661132E+07 0.2982739E+08 0.2754300E+08
110 0.3648131E+00 0.1860924E+07 0.2481173E+07 0.2933861E+08 0.2747769E+08
111 0.1755944E+00 0.1878872E+07 0.2222997E+07 0.2943844E+08 0.2755957E+08
112 0.2092692E+00 0.1663689E+07 0.2336635E+07 0.2923491E+08 0.2757122E+08
113 0.2088269E+00 0.1648401E+07 0.2182614E+07 0.2921373E+08 0.2756533E+08
114 0.1730929E+00 0.1938001E+07 0.2764658E+07 0.2955292E+08 0.2761492E+08
115 0.3997691E+00 0.1920909E+07 0.2553913E+07 0.2954948E+08 0.2762857E+08
116 0.3829252E+00 0.1839540E+07 0.2500620E+07 0.2957748E+08 0.2773794E+08
117 0.1467826E+00 0.2279633E+07 0.2657500E+07 0.2982541E+08 0.2754578E+08
118 0.3645505E+00 0.1859949E+07 0.2480048E+07 0.2933784E+08 0.2747789E+08
119 0.1755960E+00 0.1874467E+07 0.2221315E+07 0.2943701E+08 0.2756254E+08
120 0.2092644E+00 0.1666200E+07 0.2337781E+07 0.2923639E+08 0.2757019E+08
121 0.2088524E+00 0.1642870E+07 0.2180586E+07 0.2921170E+08 0.2756883E+08
122 0.1730485E+00 0.1942279E+07 0.2766694E+07 0.2955379E+08 0.2761151E+08
123 0.3992868E+00 0.1916967E+07 0.2551762E+07 0.2954781E+08 0.2763084E+08
124 0.3828983E+00 0.1839248E+07 0.2500384E+07 0.2957745E+08 0.2773820E+08
125 0.1468057E+00 0.2290205E+07 0.2660418E+07 0.2982738E+08 0.2753718E+08
126 0.3647784E+00 0.1860814E+07 0.2481014E+07 0.2933850E+08 0.2747769E+08
127 0.1754157E+00 0.1861602E+07 0.2222141E+07 0.2943644E+08 0.2757484E+08
128 0.2092224E+00 0.1662804E+07 0.2336851E+07 0.2923473E+08 0.2757193E+08
129 0.2089010E+00 0.1651730E+07 0.2182351E+07 0.2921385E+08 0.2756212E+08
130 0.1730520E+00 0.1936232E+07 0.2764407E+07 0.2955225E+08 0.2761601E+08
131 0.3996788E+00 0.1920133E+07 0.2553498E+07 0.2954920E+08 0.2762907E+08
132 0.3828313E+00 0.1838770E+07 0.2500089E+07 0.2957713E+08 0.2773836E+08
133 0.1468337E+00 0.2291362E+07 0.2660401E+07 0.2982737E+08 0.2753600E+08
134 0.3647439E+00 0.1860841E+07 0.2480997E+07 0.2933848E+08 0.2747764E+08
135 0.1754247E+00 0.1863721E+07 0.2222243E+07 0.2943675E+08 0.2757302E+08
136 0.2091851E+00 0.1661946E+07 0.2336673E+07 0.2923454E+08 0.2757260E+08
137 0.2087926E+00 0.1643523E+07 0.2181724E+07 0.2921260E+08 0.2756908E+08
138 0.1732282E+00 0.1947967E+07 0.2766303E+07 0.2955576E+08 0.2760779E+08
139 0.3995880E+00 0.1919475E+07 0.2553170E+07 0.2954892E+08 0.2762945E+08
140 0.3828517E+00 0.1838817E+07 0.2500134E+07 0.2957722E+08 0.2773840E+08
141 0.1467578E+00 0.2284206E+07 0.2661339E+07 0.2982732E+08 0.2754312E+08
142 0.3647988E+00 0.1860859E+07 0.2481117E+07 0.2933849E+08 0.2747763E+08
143 0.1755988E+00 0.1879607E+07 0.2223032E+07 0.2943848E+08 0.2755887E+08
144 0.2092450E+00 0.1663601E+07 0.2336890E+07 0.2923503E+08 0.2757143E+08
145 0.2089188E+00 0.1653542E+07 0.2182231E+07 0.2921375E+08 0.2756021E+08
146 0.1730011E+00 0.1934970E+07 0.2765188E+07 0.2955223E+08 0.2761726E+08
147 0.3996892E+00 0.1920212E+07 0.2553482E+07 0.2954908E+08 0.2762887E+08
148 0.3829030E+00 0.1839234E+07 0.2500381E+07 0.2957728E+08 0.2773805E+08
149 0.1467412E+00 0.2276279E+07 0.2658148E+07 0.2982539E+08 0.2754911E+08
150 0.3646043E+00 0.1860168E+07 0.2480312E+07 0.2933800E+08 0.2747783E+08
