1 0.16551333029734E+05
2 0.23220577079097E+05
3 0.34021720831865E+05
4 0.26538851114845E+05
5 0.33517907617491E+05
6 0.26229814242720E+05
7 0.16451789465181E+05
8 0.37844360278172E+05
9 0.28119463536458E+05
10 0.30083018390864E+05
11 0.28976996471935E+05
12 0.26168851302327E+05
13 0.36272703036122E+05
14 0.32280479253263E+05
15 0.27447750035032E+05
16 0.25155915940728E+05
17 0.37875260271151E+05
18 0.27417911985823E+05
19 0.38646821303913E+05
20 0.26012168330637E+05
21 0.21894578373189E+05
22 0.40839132031106E+05
23 0.37603062731996E+05
24 0.26169079267421E+05
25 0.25327162845815E+05
26 0.28191458842677E+05
27 0.42848948311981E+05
28 0.20567273228889E+05
29 0.32222383543743E+05
30 0.42365175334729E+05
31 0.45027140175228E+05
32 0.29364994566781E+05
33 0.18594872173234E+05
34 0.32198501880373E+05
35 0.31183500270015E+05
36 0.33357371941727E+05
37 0.28808764411067E+05
38 0.67618088613402E+05
39 0.11142371020729E+05
40 0.21393769181114E+05
41 0.25670281035051E+05
42 0.26286160989138E+05
43 0.27191110943164E+05
44 0.65661825498544E+05
45 0.26350949815206E+05
46 0.27050528652997E+05
47 0.24862812622708E+05
48 0.27371838788704E+05
49 0.58519080415482E+05
50 0.11301226236909E+05
51 0.19536563197603E+05
52 0.25376557167232E+05
53 0.25544250048189E+05
54 0.23380583751572E+05
55 0.27370388806187E+05
56 0.65309033296754E+05
57 0.25298043692449E+05
58 0.20513892924650E+05
59 0.79422653935876E+05
60 0.40769024020836E+05
61 0.22942617363582E+05
62 0.29765160658278E+05
63 0.32375816949800E+05
64 0.90552265088647E+05
65 0.17352161777507E+05
66 0.23481868562521E+05
67 0.30771353316861E+05
68 0.40145038074133E+05
69 0.32764288969585E+05
70 0.21778620936619E+05
71 0.29691697253400E+05
72 0.28076837076999E+05
73 0.16785931559464E+05
74 0.27695941790532E+05
75 0.35044614382209E+05
76 0.27463039293842E+05
77 0.42583861812914E+05
78 0.22437131131689E+05
79 0.18995529715560E+05
80 0.26753190433434E+05
81 0.26367861781836E+05
82 0.21435166774115E+05
83 0.24827590022951E+05
84 0.27229208140397E+05
85 0.82081990722488E+05
86 0.15912651259571E+05
87 0.21825295693159E+05
88 0.21907890637229E+05
89 0.24677449197005E+05
90 0.38014125450636E+05
91 0.32134592072963E+05
92 0.96441532877711E+05
93 0.29044846927403E+05
94 0.18464718586673E+05
95 0.31787175941216E+05
96 0.83050149210732E+05
97 0.18720001157715E+05
98 0.25650491010417E+05
99 0.23078975627892E+05
100 0.29295544683758E+05
101 0.37123455458572E+05
102 0.29895621058892E+05
103 0.27235459108887E+05
104 0.39002857970753E+05
105 0.30826141547192E+05
106 0.16243855423117E+05
107 0.25952960782231E+05
108 0.29794712087831E+05
109 0.29149584952369E+05
110 0.29008160343169E+05
111 0.29646440068582E+05
112 0.30320862792646E+05
113 0.30680991034104E+05
114 0.29374755970993E+05
115 0.75691079488948E+05
116 0.16877246735418E+05
117 0.21090894397744E+05
118 0.22783864338955E+05
119 0.23674732185531E+05
120 0.26074120515128E+05
121 0.54248767777057E+05
122 0.28829686174910E+05
123 0.21516747255320E+05
124 0.29429013952880E+05
125 0.31289179852470E+05
126 0.65132039735092E+05
127 0.23239144193715E+05
128 0.34073190253020E+05
129 0.24197870078819E+05
130 0.32370700395997E+05
131 0.30908422006476E+05
132 0.99392380747979E+05
133 0.14589412388815E+05
134 0.24307629023307E+05
135 0.28068282378766E+05
136 0.26554368581437E+05
137 0.26950352106716E+05
138 0.77807372308676E+05
139 0.26867764497866E+05
140 0.26124367575394E+05
141 0.27277005356245E+05
142 0.23214423031051E+05
143 0.50488073611561E+05
144 0.80077022730701E+04
145 0.94177876117738E+04
146 0.23376043122431E+05
147 0.20517315373629E+05
148 0.22373283876321E+05
149 0.20344203923041E+05
150 0.32734969674077E+05
