1 0.3976403E+00 0.4932154E+07 0.9763918E+07 0.3321054E+08 0.2827839E+08
2 0.1986937E+00 0.3275140E+07 0.4343482E+07 0.3090045E+08 0.2762531E+08
3 0.3994787E+00 0.3102824E+07 0.4118249E+07 0.3076840E+08 0.2766557E+08
4 0.3232718E+00 0.3134481E+07 0.4716391E+07 0.3084123E+08 0.2770675E+08
5 0.8085089E+00 0.3096835E+07 0.4707802E+07 0.3107035E+08 0.2797352E+08
6 0.8488447E+00 0.3110069E+07 0.4876750E+07 0.3116501E+08 0.2805494E+08
7 0.8611545E+00 0.3110256E+07 0.4923318E+07 0.3119609E+08 0.2808583E+08
8 0.7422087E+00 0.2987570E+07 0.4354284E+07 0.3085040E+08 0.2786283E+08
9 0.8394694E+00 0.3118381E+07 0.4823347E+07 0.3113997E+08 0.2802159E+08
10 0.8586833E+00 0.3101183E+07 0.4914818E+07 0.3119079E+08 0.2808961E+08
11 0.7430977E+00 0.2996210E+07 0.4349324E+07 0.3085482E+08 0.2785861E+08
12 0.8397781E+00 0.3120550E+07 0.4825551E+07 0.3114105E+08 0.2802050E+08
13 0.8585325E+00 0.3099774E+07 0.4914148E+07 0.3119017E+08 0.2809039E+08
14 0.7429148E+00 0.2994969E+07 0.4347201E+07 0.3085425E+08 0.2785928E+08
15 0.8399112E+00 0.3121966E+07 0.4826591E+07 0.3114179E+08 0.2801982E+08
16 0.8585521E+00 0.3099769E+07 0.4914230E+07 0.3119037E+08 0.2809060E+08
17 0.7429467E+00 0.2995943E+07 0.4347898E+07 0.3085451E+08 0.2785857E+08
18 0.8398793E+00 0.3121187E+07 0.4825943E+07 0.3114122E+08 0.2802003E+08
19 0.8585429E+00 0.3100117E+07 0.4914179E+07 0.3118994E+08 0.2808982E+08
20 0.7429335E+00 0.2994958E+07 0.4347369E+07 0.3085439E+08 0.2785943E+08
21 0.8398821E+00 0.3121101E+07 0.4825959E+07 0.3114134E+08 0.2802024E+08
22 0.8585471E+00 0.3099960E+07 0.4914199E+07 0.3119014E+08 0.2809018E+08
23 0.7429452E+00 0.2995962E+07 0.4347883E+07 0.3085447E+08 0.2785851E+08
24 0.8398885E+00 0.3120821E+07 0.4825997E+07 0.3114170E+08 0.2802088E+08
25 0.8585438E+00 0.3100071E+07 0.4914184E+07 0.3118999E+08 0.2808992E+08
26 0.7429483E+00 0.2995857E+07 0.4347916E+07 0.3085467E+08 0.2785881E+08
27 0.8398808E+00 0.3121196E+07 0.4825948E+07 0.3114122E+08 0.2802003E+08
28 0.8585423E+00 0.3100158E+07 0.4914174E+07 0.3118990E+08 0.2808974E+08
29 0.7429469E+00 0.2995915E+07 0.4347900E+07 0.3085456E+08 0.2785865E+08
30 0.8398851E+00 0.3120996E+07 0.4825977E+07 0.3114148E+08 0.2802048E+08
31 0.8585527E+00 0.3099663E+07 0.4914238E+07 0.3119047E+08 0.2809081E+08
32 0.7429269E+00 0.2995113E+07 0.4347309E+07 0.3085408E+08 0.2785897E+08
33 0.8398829E+00 0.3121098E+07 0.4825962E+07 0.3114135E+08 0.2802025E+08
34 0.8585442E+00 0.3100087E+07 0.4914185E+07 0.3118998E+08 0.2808990E+08
35 0.7429452E+00 0.2995978E+07 0.4347880E+07 0.3085445E+08 0.2785847E+08
36 0.8398865E+00 0.3120902E+07 0.4825988E+07 0.3114159E+08 0.2802069E+08
37 0.8585462E+00 0.3099982E+07 0.4914195E+07 0.3119011E+08 0.2809012E+08
38 0.7429491E+00 0.2995834E+07 0.4347926E+07 0.3085471E+08 0.2785887E+08
39 0.8398793E+00 0.3121241E+07 0.4825941E+07 0.3114116E+08 0.2801992E+08
40 0.8585529E+00 0.3099643E+07 0.4914241E+07 0.3119050E+08 0.2809085E+08
41 0.7429276E+00 0.2995095E+07 0.4347316E+07 0.3085412E+08 0.2785902E+08
42 0.8398805E+00 0.3121195E+07 0.4825948E+07 0.3114122E+08 0.2802003E+08
43 0.8585440E+00 0.3100087E+07 0.4914184E+07 0.3118998E+08 0.2808989E+08
44 0.7429502E+00 0.2995828E+07 0.4347934E+07 0.3085473E+08 0.2785890E+08
45 0.8399015E+00 0.3121899E+07 0.4826552E+07 0.3114178E+08 0.2801988E+08
46 0.8585534E+00 0.3099617E+07 0.4914244E+07 0.3119052E+08 0.2809091E+08
47 0.7429317E+00 0.2994999E+07 0.4347352E+07 0.3085431E+08 0.2785931E+08
48 0.8398826E+00 0.3121083E+07 0.4825962E+07 0.3114136E+08 0.2802028E+08
49 0.8585523E+00 0.3099685E+07 0.4914235E+07 0.3119045E+08 0.2809076E+08
50 0.7429323E+00 0.2994987E+07 0.4347357E+07 0.3085434E+08 0.2785935E+08
51 0.8398805E+00 0.3121163E+07 0.4825950E+07 0.3114126E+08 0.2802009E+08
52 0.8585529E+00 0.3099649E+07 0.4914240E+07 0.3119049E+08 0.2809084E+08
53 0.7429482E+00 0.2995869E+07 0.4347914E+07 0.3085465E+08 0.2785878E+08
54 0.8398865E+00 0.3120952E+07 0.4825985E+07 0.3114154E+08 0.2802059E+08
55 0.8585473E+00 0.3099952E+07 0.4914200E+07 0.3119015E+08 0.2809020E+08
56 0.7429320E+00 0.2994992E+07 0.4347358E+07 0.3085432E+08 0.2785933E+08
57 0.8398851E+00 0.3120948E+07 0.4825980E+07 0.3114153E+08 0.2802058E+08
58 0.8585522E+00 0.3099667E+07 0.4914236E+07 0.3119046E+08 0.2809080E+08
59 0.7429318E+00 0.2994987E+07 0.4347353E+07 0.3085433E+08 0.2785935E+08
60 0.8398792E+00 0.3121234E+07 0.4825941E+07 0.3114117E+08 0.2801993E+08
61 0.8585481E+00 0.3099892E+07 0.4914207E+07 0.3119022E+08 0.2809032E+08
62 0.7429454E+00 0.2995937E+07 0.4347887E+07 0.3085451E+08 0.2785858E+08
63 0.8398870E+00 0.3120898E+07 0.4825990E+07 0.3114160E+08 0.2802070E+08
64 0.8585497E+00 0.3099810E+07 0.4914217E+07 0.3119031E+08 0.2809050E+08
65 0.7429467E+00 0.2995887E+07 0.4347902E+07 0.3085460E+08 0.2785872E+08
66 0.8398821E+00 0.3121123E+07 0.4825958E+07 0.3114132E+08 0.2802019E+08
67 0.8585504E+00 0.3099799E+07 0.4914221E+07 0.3119033E+08 0.2809053E+08
68 0.7429448E+00 0.2995969E+07 0.4347879E+07 0.3085446E+08 0.2785849E+08
69 0.8398868E+00 0.3120886E+07 0.4825989E+07 0.3114161E+08 0.2802073E+08
70 0.8585489E+00 0.3099843E+07 0.4914212E+07 0.3119027E+08 0.2809043E+08
71 0.7429451E+00 0.2995933E+07 0.4347885E+07 0.3085452E+08 0.2785858E+08
72 0.8398857E+00 0.3120964E+07 0.4825981E+07 0.3114152E+08 0.2802055E+08
73 0.8585468E+00 0.3099966E+07 0.4914198E+07 0.3119013E+08 0.2809016E+08
74 0.7429292E+00 0.2995057E+07 0.4347332E+07 0.3085419E+08 0.2785913E+08
75 0.8398787E+00 0.3121237E+07 0.4825939E+07 0.3114116E+08 0.2801992E+08
76 0.8585464E+00 0.3099973E+07 0.4914196E+07 0.3119012E+08 0.2809015E+08
77 0.7429491E+00 0.2995837E+07 0.4347926E+07 0.3085470E+08 0.2785886E+08
78 0.8398847E+00 0.3121012E+07 0.4825974E+07 0.3114146E+08 0.2802044E+08
79 0.8585515E+00 0.3099726E+07 0.4914230E+07 0.3119041E+08 0.2809068E+08
80 0.7429287E+00 0.2995067E+07 0.4347326E+07 0.3085417E+08 0.2785911E+08
81 0.8398791E+00 0.3121239E+07 0.4825940E+07 0.3114116E+08 0.2801992E+08
82 0.8585438E+00 0.3100080E+07 0.4914184E+07 0.3118999E+08 0.2808991E+08
83 0.7429459E+00 0.2995938E+07 0.4347890E+07 0.3085452E+08 0.2785858E+08
84 0.8398792E+00 0.3121238E+07 0.4825940E+07 0.3114116E+08 0.2801992E+08
85 0.8585459E+00 0.3099999E+07 0.4914194E+07 0.3119009E+08 0.2809009E+08
86 0.7429303E+00 0.2995034E+07 0.4347341E+07 0.3085424E+08 0.2785921E+08
87 0.8399000E+00 0.3121931E+07 0.4826546E+07 0.3114173E+08 0.2801980E+08
88 0.8585478E+00 0.3099902E+07 0.4914205E+07 0.3119020E+08 0.2809030E+08
89 0.7429495E+00 0.2995816E+07 0.4347930E+07 0.3085474E+08 0.2785892E+08
90 0.8398890E+00 0.3120840E+07 0.4825998E+07 0.3114168E+08 0.2802084E+08
91 0.8585492E+00 0.3099839E+07 0.4914214E+07 0.3119028E+08 0.2809044E+08
92 0.7429267E+00 0.2995101E+07 0.4347311E+07 0.3085410E+08 0.2785900E+08
93 0.8398803E+00 0.3121191E+07 0.4825947E+07 0.3114122E+08 0.2802003E+08
94 0.8585428E+00 0.3100130E+07 0.4914178E+07 0.3118993E+08 0.2808980E+08
95 0.7429465E+00 0.2995927E+07 0.4347896E+07 0.3085454E+08 0.2785861E+08
96 0.8398807E+00 0.3121178E+07 0.4825949E+07 0.3114124E+08 0.2802006E+08
97 0.8585507E+00 0.3099773E+07 0.4914223E+07 0.3119035E+08 0.2809058E+08
98 0.7429276E+00 0.2995092E+07 0.4347318E+07 0.3085412E+08 0.2785903E+08
99 0.8398804E+00 0.3121181E+07 0.4825948E+07 0.3114124E+08 0.2802006E+08
100 0.8585462E+00 0.3099998E+07 0.4914195E+07 0.3119009E+08 0.2809010E+08
101 0.7429506E+00 0.2995812E+07 0.4347939E+07 0.3085475E+08 0.2785894E+08
102 0.8398812E+00 0.3121140E+07 0.4825953E+07 0.3114129E+08 0.2802015E+08
103 0.8585473E+00 0.3099960E+07 0.4914200E+07 0.3119014E+08 0.2809018E+08
104 0.7429274E+00 0.2995109E+07 0.4347316E+07 0.3085409E+08 0.2785898E+08
105 0.8398809E+00 0.3121145E+07 0.4825951E+07 0.3114128E+08 0.2802014E+08
106 0.8585484E+00 0.3099902E+07 0.4914207E+07 0.3119021E+08 0.2809031E+08
107 0.7429310E+00 0.2995018E+07 0.4347348E+07 0.3085427E+08 0.2785925E+08
108 0.8398812E+00 0.3121109E+07 0.4825955E+07 0.3114132E+08 0.2802021E+08
109 0.8585468E+00 0.3099968E+07 0.4914198E+07 0.3119013E+08 0.2809016E+08
110 0.7429490E+00 0.2995848E+07 0.4347925E+07 0.3085468E+08 0.2785884E+08
111 0.8398887E+00 0.3120840E+07 0.4825997E+07 0.3114168E+08 0.2802084E+08
112 0.8585427E+00 0.3100123E+07 0.4914178E+07 0.3118993E+08 0.2808981E+08
113 0.7429278E+00 0.2995091E+07 0.4347317E+07 0.3085413E+08 0.2785903E+08
114 0.8398885E+00 0.3120867E+07 0.4825996E+07 0.3114165E+08 0.2802078E+08
115 0.8585515E+00 0.3099715E+07 0.4914230E+07 0.3119042E+08 0.2809070E+08
116 0.7429475E+00 0.2995873E+07 0.4347909E+07 0.3085463E+08 0.2785876E+08
117 0.8398886E+00 0.3120868E+07 0.4825996E+07 0.3114165E+08 0.2802078E+08
118 0.8585506E+00 0.3099766E+07 0.4914224E+07 0.3119036E+08 0.2809059E+08
119 0.7429265E+00 0.2995109E+07 0.4347308E+07 0.3085408E+08 0.2785898E+08
120 0.8398830E+00 0.3121086E+07 0.4825963E+07 0.3114136E+08 0.2802028E+08
121 0.8585537E+00 0.3099619E+07 0.4914245E+07 0.3119053E+08 0.2809091E+08
122 0.7429495E+00 0.2995845E+07 0.4347927E+07 0.3085469E+08 0.2785885E+08
123 0.8398847E+00 0.3121020E+07 0.4825974E+07 0.3114145E+08 0.2802043E+08
124 0.8585499E+00 0.3099819E+07 0.4914217E+07 0.3119030E+08 0.2809048E+08
125 0.7429460E+00 0.2995924E+07 0.4347894E+07 0.3085454E+08 0.2785862E+08
126 0.8398802E+00 0.3121183E+07 0.4825947E+07 0.3114123E+08 0.2802005E+08
127 0.8585428E+00 0.3100132E+07 0.4914177E+07 0.3118993E+08 0.2808979E+08
128 0.7429507E+00 0.2995810E+07 0.4347938E+07 0.3085476E+08 0.2785895E+08
129 0.8398889E+00 0.3120848E+07 0.4825998E+07 0.3114167E+08 0.2802082E+08
130 0.8585440E+00 0.3100074E+07 0.4914185E+07 0.3118999E+08 0.2808992E+08
131 0.7429331E+00 0.2994967E+07 0.4347366E+07 0.3085437E+08 0.2785941E+08
132 0.8398790E+00 0.3121224E+07 0.4825941E+07 0.3114117E+08 0.2801995E+08
133 0.8585468E+00 0.3099955E+07 0.4914199E+07 0.3119014E+08 0.2809019E+08
134 0.7429334E+00 0.2994949E+07 0.4347371E+07 0.3085440E+08 0.2785946E+08
135 0.8398804E+00 0.3121156E+07 0.4825949E+07 0.3114126E+08 0.2802011E+08
136 0.8585429E+00 0.3100122E+07 0.4914178E+07 0.3118994E+08 0.2808981E+08
137 0.7429317E+00 0.2995009E+07 0.4347351E+07 0.3085429E+08 0.2785929E+08
138 0.8398830E+00 0.3121059E+07 0.4825965E+07 0.3114139E+08 0.2802033E+08
139 0.8585440E+00 0.3100079E+07 0.4914184E+07 0.3118999E+08 0.2808991E+08
140 0.7429452E+00 0.2995967E+07 0.4347881E+07 0.3085447E+08 0.2785850E+08
141 0.8398797E+00 0.3121202E+07 0.4825944E+07 0.3114121E+08 0.2802000E+08
142 0.8585499E+00 0.3099801E+07 0.4914219E+07 0.3119032E+08 0.2809052E+08
143 0.7429474E+00 0.2995875E+07 0.4347909E+07 0.3085463E+08 0.2785875E+08
144 0.8398795E+00 0.3121234E+07 0.4825941E+07 0.3114117E+08 0.2801993E+08
145 0.8585503E+00 0.3099786E+07 0.4914221E+07 0.3119034E+08 0.2809055E+08
146 0.7429461E+00 0.2995913E+07 0.4347896E+07 0.3085456E+08 0.2785864E+08
147 0.8398879E+00 0.3120872E+07 0.4825994E+07 0.3114164E+08 0.2802076E+08
148 0.8585428E+00 0.3100120E+07 0.4914178E+07 0.3118994E+08 0.2808982E+08
149 0.7429444E+00 0.2995981E+07 0.4347872E+07 0.3085444E+08 0.2785845E+08
150 0.8399001E+00 0.3121944E+07 0.4826547E+07 0.3114171E+08 0.2801977E+08
