1 0.3484688E+04
2 0.3484688E+04
3 0.3484688E+04
4 0.3484688E+04
5 0.3484688E+04
6 0.3484688E+04
7 0.6487500E+04
8 0.6487500E+04
9 0.6505000E+04
10 0.6505000E+04
11 0.6505000E+04
12 0.6505000E+04
13 0.6505000E+04
14 0.6549375E+04
15 0.6549375E+04
16 0.6549375E+04
17 0.6549375E+04
18 0.6549375E+04
19 0.6555000E+04
20 0.6555000E+04
21 0.6555000E+04
22 0.6582500E+04
23 0.6379375E+04
24 0.6379375E+04
25 0.6379375E+04
26 0.6379375E+04
27 0.6396875E+04
28 0.6396875E+04
29 0.6396875E+04
30 0.6396875E+04
31 0.6740625E+04
32 0.6740625E+04
33 0.6740625E+04
34 0.6740625E+04
35 0.6740625E+04
36 0.6740625E+04
37 0.6740625E+04
38 0.7053750E+04
39 0.7053750E+04
40 0.7053750E+04
41 0.7053750E+04
42 0.7053750E+04
43 0.7053750E+04
44 0.6859375E+04
45 0.6859375E+04
46 0.6859375E+04
47 0.6859375E+04
48 0.6859375E+04
49 0.7447500E+04
50 0.7447500E+04
51 0.7447500E+04
52 0.7447500E+04
53 0.7447500E+04
54 0.7447500E+04
55 0.7447500E+04
56 0.7447500E+04
57 0.7447500E+04
58 0.7447500E+04
59 0.7447500E+04
60 0.7447500E+04
61 0.7447500E+04
62 0.7447500E+04
63 0.7447500E+04
64 0.7447500E+04
65 0.7447500E+04
66 0.7447500E+04
67 0.7447500E+04
68 0.7447500E+04
69 0.7447500E+04
70 0.7447500E+04
71 0.7447500E+04
72 0.7447500E+04
73 0.7447500E+04
74 0.7447500E+04
75 0.7447500E+04
76 0.7447500E+04
77 0.7447500E+04
78 0.7447500E+04
79 0.7447500E+04
80 0.7447500E+04
81 0.7447500E+04
82 0.7447500E+04
83 0.7447500E+04
84 0.7447500E+04
85 0.7447500E+04
86 0.7447500E+04
87 0.7447500E+04
88 0.7447500E+04
89 0.7447500E+04
90 0.7447500E+04
91 0.7447500E+04
92 0.7447500E+04
93 0.7447500E+04
94 0.7447500E+04
95 0.7447500E+04
96 0.7447500E+04
97 0.7447500E+04
98 0.7447500E+04
99 0.7447500E+04
100 0.7447500E+04
101 0.7447500E+04
102 0.7447500E+04
103 0.7447500E+04
104 0.7447500E+04
105 0.7447500E+04
106 0.7447500E+04
107 0.7447500E+04
108 0.7447500E+04
109 0.7447500E+04
110 0.7447500E+04
111 0.7447500E+04
112 0.7447500E+04
113 0.7447500E+04
114 0.7447500E+04
115 0.7468125E+04
116 0.7468125E+04
117 0.7468125E+04
118 0.7468125E+04
119 0.7468125E+04
120 0.7468125E+04
121 0.7468125E+04
122 0.7468125E+04
123 0.7468125E+04
124 0.7468125E+04
125 0.7468125E+04
126 0.7468125E+04
127 0.7468125E+04
128 0.7468125E+04
129 0.7468125E+04
130 0.7468125E+04
131 0.7468125E+04
132 0.7468125E+04
133 0.7468125E+04
134 0.7468125E+04
135 0.7468125E+04
136 0.7468125E+04
137 0.7468125E+04
138 0.7468125E+04
139 0.7468125E+04
140 0.7468125E+04
141 0.7468125E+04
142 0.7468125E+04
143 0.7754375E+04
144 0.7754375E+04
145 0.7754375E+04
146 0.7754375E+04
147 0.7754375E+04
148 0.7754375E+04
149 0.7754375E+04
150 0.7754375E+04
