1 0.1863061E+00 0.3271347E+07 0.9053799E+07 0.3156343E+08 0.2829208E+08
2 0.6563258E-01 0.2900054E+07 0.3514594E+07 0.3039289E+08 0.2749284E+08
3 0.1215272E+00 0.2732458E+07 0.3848881E+07 0.3011627E+08 0.2738381E+08
4 0.2627802E-01 0.3410654E+07 0.4354555E+07 0.3114728E+08 0.2773663E+08
5 0.7327322E-01 0.2526951E+07 0.3118258E+07 0.3010063E+08 0.2757368E+08
6 0.6839362E-01 0.2978063E+07 0.4130844E+07 0.3069006E+08 0.2771199E+08
7 0.1798955E+00 0.2201346E+07 0.3393440E+07 0.2966935E+08 0.2746800E+08
8 0.4043260E-01 0.3381578E+07 0.3992859E+07 0.3084809E+08 0.2746651E+08
9 0.7212237E-01 0.2496982E+07 0.3194646E+07 0.3009026E+08 0.2759328E+08
10 0.1513479E+00 0.2023273E+07 0.3295190E+07 0.2961926E+08 0.2759599E+08
11 0.5807989E-01 0.2879533E+07 0.3415587E+07 0.3041862E+08 0.2753908E+08
12 0.6320847E-01 0.2800700E+07 0.3395729E+07 0.3029270E+08 0.2749200E+08
13 0.4835214E+00 0.1871102E+07 0.3125018E+07 0.2974610E+08 0.2787499E+08
14 0.9183863E-01 0.1538117E+07 0.1969189E+07 0.2916018E+08 0.2762207E+08
15 0.6488528E-01 0.2353441E+07 0.2902212E+07 0.2987574E+08 0.2752230E+08
16 0.9388106E-01 0.1916653E+07 0.2371934E+07 0.2947754E+08 0.2756089E+08
17 0.4011554E+00 0.1739202E+07 0.2597402E+07 0.2943574E+08 0.2769654E+08
18 0.8390538E-01 0.1900174E+07 0.2306162E+07 0.2942249E+08 0.2752231E+08
19 0.5816860E-01 0.2621306E+07 0.3132113E+07 0.3010731E+08 0.2748601E+08
20 0.6995311E-01 0.2430314E+07 0.2913585E+07 0.2999247E+08 0.2756216E+08
21 0.3757083E+00 0.1688281E+07 0.2427292E+07 0.2931956E+08 0.2763128E+08
22 0.7514528E-01 0.2163703E+07 0.2673900E+07 0.2968967E+08 0.2752596E+08
23 0.7577586E-01 0.2305165E+07 0.3012188E+07 0.2987572E+08 0.2757056E+08
24 0.7191736E-01 0.2477497E+07 0.2999018E+07 0.3002665E+08 0.2754915E+08
25 0.6678341E-01 0.2735896E+07 0.3283594E+07 0.3024740E+08 0.2751151E+08
26 0.5354478E+00 0.1866344E+07 0.3302252E+07 0.2993900E+08 0.2807266E+08
27 0.8365717E-01 0.1862228E+07 0.2444612E+07 0.2943018E+08 0.2756795E+08
28 0.7866639E-01 0.1909214E+07 0.2465001E+07 0.2949183E+08 0.2758262E+08
29 0.5820582E-01 0.2729818E+07 0.3200491E+07 0.3020940E+08 0.2747958E+08
30 0.8098515E-01 0.2237089E+07 0.2741632E+07 0.2977361E+08 0.2753652E+08
31 0.3648382E+00 0.1696114E+07 0.2423876E+07 0.2920956E+08 0.2751345E+08
32 0.7998908E-01 0.2210636E+07 0.2773789E+07 0.2969128E+08 0.2748064E+08
33 0.8388296E-01 0.2159436E+07 0.2737018E+07 0.2968823E+08 0.2752880E+08
34 0.4616062E-01 0.3082015E+07 0.3655323E+07 0.3057253E+08 0.2749051E+08
35 0.6518318E-01 0.2735759E+07 0.3320271E+07 0.3025481E+08 0.2751905E+08
36 0.5249509E+00 0.1839935E+07 0.3219047E+07 0.2992379E+08 0.2808386E+08
37 0.8224119E-01 0.1894368E+07 0.2435399E+07 0.2945290E+08 0.2755854E+08
38 0.7890292E-01 0.1884314E+07 0.2405119E+07 0.2945953E+08 0.2757521E+08
39 0.6199739E-01 0.2713504E+07 0.3207245E+07 0.3018215E+08 0.2746865E+08
40 0.8221297E-01 0.2153022E+07 0.2600019E+07 0.2968742E+08 0.2753440E+08
41 0.3340971E+00 0.1502585E+07 0.2218153E+07 0.2911649E+08 0.2761391E+08
42 0.7226449E-01 0.2253324E+07 0.2808984E+07 0.2978806E+08 0.2753473E+08
43 0.1118724E+00 0.2024599E+07 0.2591294E+07 0.2940896E+08 0.2738436E+08
44 0.3468895E+00 0.1636155E+07 0.2255968E+07 0.2922383E+08 0.2758767E+08
45 0.8791748E-01 0.1807159E+07 0.2250705E+07 0.2940710E+08 0.2759994E+08
46 0.7326547E-01 0.2411086E+07 0.3175041E+07 0.2997069E+08 0.2755960E+08
47 0.4001990E+00 0.1714065E+07 0.2527323E+07 0.2945106E+08 0.2773699E+08
48 0.7533771E-01 0.2197434E+07 0.2697684E+07 0.2971374E+08 0.2751630E+08
49 0.7294673E-01 0.2314711E+07 0.2789403E+07 0.2978988E+08 0.2747517E+08
50 0.6679987E-01 0.2693139E+07 0.3167363E+07 0.3016996E+08 0.2747682E+08
51 0.4192066E+00 0.1758499E+07 0.2673303E+07 0.2950128E+08 0.2774278E+08
52 0.8082940E-01 0.2078603E+07 0.2599102E+07 0.2961063E+08 0.2753203E+08
53 0.6423144E-01 0.2385812E+07 0.2992699E+07 0.2992025E+08 0.2753444E+08
54 0.7571548E-01 0.2380200E+07 0.2919791E+07 0.2993151E+08 0.2755131E+08
55 0.4012627E+00 0.1735613E+07 0.2592987E+07 0.2941782E+08 0.2768220E+08
56 0.8081128E-01 0.2033457E+07 0.2478891E+07 0.2954643E+08 0.2751298E+08
57 0.5584609E-01 0.2269740E+07 0.2765571E+07 0.2983343E+08 0.2756369E+08
58 0.8045380E-01 0.2214977E+07 0.2726507E+07 0.2979277E+08 0.2757779E+08
59 0.3523080E+00 0.1612112E+07 0.2287124E+07 0.2923559E+08 0.2762348E+08
60 0.7790768E-01 0.2120119E+07 0.2763101E+07 0.2969361E+08 0.2757350E+08
61 0.7539985E-01 0.2320634E+07 0.2783742E+07 0.2981553E+08 0.2749489E+08
62 0.5892496E-01 0.2925813E+07 0.3451642E+07 0.3038328E+08 0.2745746E+08
63 0.4336006E+00 0.1793013E+07 0.2744489E+07 0.2955001E+08 0.2775700E+08
64 0.6630212E-01 0.2360084E+07 0.2967704E+07 0.2993646E+08 0.2757637E+08
65 0.7887249E-01 0.2075823E+07 0.2607446E+07 0.2962749E+08 0.2755166E+08
66 0.6983193E-01 0.2524095E+07 0.3046987E+07 0.3005113E+08 0.2752703E+08
67 0.4092485E+00 0.1744554E+07 0.2621025E+07 0.2945352E+08 0.2770897E+08
68 0.8081706E-01 0.2087837E+07 0.2561509E+07 0.2959020E+08 0.2750237E+08
69 0.6190605E-01 0.2433226E+07 0.2955005E+07 0.2995325E+08 0.2752002E+08
70 0.7992114E-01 0.2258617E+07 0.2766385E+07 0.2981592E+08 0.2755730E+08
71 0.3275039E+00 0.1491302E+07 0.2138854E+07 0.2919808E+08 0.2770678E+08
72 0.7426374E-01 0.2429147E+07 0.3000626E+07 0.2989194E+08 0.2746280E+08
73 0.7174690E-01 0.2378775E+07 0.2973527E+07 0.2991156E+08 0.2753278E+08
74 0.5844118E-01 0.2953334E+07 0.3513673E+07 0.3043213E+08 0.2747879E+08
75 0.6370358E-01 0.2787864E+07 0.3306913E+07 0.3028983E+08 0.2750197E+08
76 0.5823957E+00 0.1861468E+07 0.3519928E+07 0.3011933E+08 0.2825786E+08
77 0.6636544E-01 0.1971929E+07 0.2500663E+07 0.2951492E+08 0.2754299E+08
78 0.6573282E-01 0.2079296E+07 0.2508039E+07 0.2958243E+08 0.2750314E+08
79 0.6076977E-01 0.2763325E+07 0.3185229E+07 0.3015856E+08 0.2739524E+08
80 0.3573481E+00 0.1613123E+07 0.2325274E+07 0.2928779E+08 0.2767466E+08
81 0.6683549E-01 0.2370708E+07 0.2989469E+07 0.2991142E+08 0.2754072E+08
82 0.7351506E-01 0.2391970E+07 0.3152694E+07 0.2994254E+08 0.2755057E+08
83 0.5443980E-01 0.3152586E+07 0.3694440E+07 0.3056138E+08 0.2740880E+08
84 0.5744883E-01 0.3088336E+07 0.3657436E+07 0.3052743E+08 0.2743910E+08
85 0.5616975E+00 0.1856108E+07 0.3405951E+07 0.3005950E+08 0.2820339E+08
86 0.8241495E-01 0.1820876E+07 0.2361826E+07 0.2939956E+08 0.2757868E+08
87 0.8200161E-01 0.1781604E+07 0.2306628E+07 0.2936295E+08 0.2758134E+08
88 0.7032323E-01 0.2482965E+07 0.2982472E+07 0.2996505E+08 0.2748209E+08
89 0.7864450E-01 0.2221589E+07 0.2700808E+07 0.2976026E+08 0.2753867E+08
90 0.6485163E-01 0.2678405E+07 0.3191380E+07 0.3022209E+08 0.2754368E+08
91 0.5136289E+00 0.1882192E+07 0.3252479E+07 0.2980884E+08 0.2792665E+08
92 0.7990584E-01 0.1871737E+07 0.2416750E+07 0.2946646E+08 0.2759472E+08
93 0.6757605E-01 0.2226803E+07 0.2851103E+07 0.2981741E+08 0.2759061E+08
94 0.7944562E-01 0.2276998E+07 0.2815702E+07 0.2982559E+08 0.2754860E+08
95 0.6452827E-01 0.2642518E+07 0.3218180E+07 0.3016495E+08 0.2752243E+08
96 0.3605684E+00 0.1662526E+07 0.2406710E+07 0.2920493E+08 0.2754240E+08
97 0.8314148E-01 0.2189322E+07 0.2866427E+07 0.2974913E+08 0.2755981E+08
98 0.7534578E-01 0.2342578E+07 0.3053257E+07 0.2992775E+08 0.2758517E+08
99 0.5677885E-01 0.3117181E+07 0.3599637E+07 0.3050851E+08 0.2739133E+08
100 0.4283246E+00 0.1785661E+07 0.2713410E+07 0.2951145E+08 0.2772579E+08
101 0.7965135E-01 0.2017748E+07 0.2586777E+07 0.2960352E+08 0.2758577E+08
102 0.6693355E-01 0.2158072E+07 0.2627679E+07 0.2975038E+08 0.2759230E+08
103 0.5680073E-01 0.2797919E+07 0.3345194E+07 0.3030751E+08 0.2750959E+08
104 0.3628738E+00 0.1655321E+07 0.2349146E+07 0.2927337E+08 0.2761805E+08
105 0.7197521E-01 0.2412873E+07 0.2968514E+07 0.2989356E+08 0.2748068E+08
106 0.5676987E-01 0.2570234E+07 0.3168647E+07 0.3006188E+08 0.2749164E+08
107 0.3992770E+00 0.1685292E+07 0.2512271E+07 0.2946608E+08 0.2778079E+08
108 0.7097808E-01 0.2382037E+07 0.2871238E+07 0.2984013E+08 0.2745810E+08
109 0.7233400E-01 0.2301238E+07 0.2896891E+07 0.2984194E+08 0.2754070E+08
110 0.4012960E+00 0.1698051E+07 0.2535079E+07 0.2947416E+08 0.2777611E+08
111 0.6913187E-01 0.2259216E+07 0.2725636E+07 0.2978224E+08 0.2752303E+08
112 0.6594484E-01 0.2356493E+07 0.3002642E+07 0.2988736E+08 0.2753087E+08
113 0.6631390E-01 0.2530597E+07 0.3053186E+07 0.3008939E+08 0.2755880E+08
114 0.3684703E+00 0.1643198E+07 0.2380326E+07 0.2933383E+08 0.2769063E+08
115 0.5899071E-01 0.2712789E+07 0.3273765E+07 0.3022456E+08 0.2751177E+08
116 0.7987776E-01 0.2334904E+07 0.3161568E+07 0.2993330E+08 0.2759840E+08
117 0.4292896E+00 0.1755275E+07 0.2689525E+07 0.2955985E+08 0.2780457E+08
118 0.7766820E-01 0.2133650E+07 0.2666331E+07 0.2965942E+08 0.2752577E+08
119 0.8766603E-01 0.1834020E+07 0.2366172E+07 0.2943264E+08 0.2759862E+08
120 0.3988239E-01 0.3024405E+07 0.3700248E+07 0.3058403E+08 0.2755963E+08
121 0.4194756E+00 0.1747596E+07 0.2641428E+07 0.2951697E+08 0.2776937E+08
122 0.7956106E-01 0.2068079E+07 0.2564471E+07 0.2961541E+08 0.2754733E+08
123 0.7148509E-01 0.2251171E+07 0.2746072E+07 0.2976774E+08 0.2751657E+08
124 0.3937380E+00 0.1683280E+07 0.2480501E+07 0.2944822E+08 0.2776494E+08
125 0.7046105E-01 0.2334726E+07 0.2869472E+07 0.2985816E+08 0.2752344E+08
126 0.6642479E-01 0.2424082E+07 0.2910907E+07 0.2991595E+08 0.2749186E+08
127 0.4005036E+00 0.1695522E+07 0.2526922E+07 0.2947539E+08 0.2777986E+08
128 0.7050644E-01 0.2363261E+07 0.2844857E+07 0.2982919E+08 0.2746593E+08
129 0.8965870E-01 0.2053263E+07 0.2580394E+07 0.2955842E+08 0.2750515E+08
130 0.3854235E-01 0.3177977E+07 0.3726605E+07 0.3062549E+08 0.2744751E+08
131 0.7299882E-01 0.2407161E+07 0.2938700E+07 0.2999178E+08 0.2758462E+08
132 0.5363839E+00 0.1870725E+07 0.3314723E+07 0.2995077E+08 0.2808005E+08
133 0.8675188E-01 0.1748358E+07 0.2312170E+07 0.2933616E+08 0.2758780E+08
134 0.7633224E-01 0.1958677E+07 0.2496824E+07 0.2953108E+08 0.2757240E+08
135 0.6645362E-01 0.2514387E+07 0.3018882E+07 0.3003070E+08 0.2751631E+08
136 0.3674670E+00 0.1685806E+07 0.2385663E+07 0.2927175E+08 0.2758594E+08
137 0.8313916E-01 0.2249708E+07 0.2939759E+07 0.2978896E+08 0.2753925E+08
138 0.1023608E+00 0.1662766E+07 0.2095988E+07 0.2922674E+08 0.2756397E+08
139 0.6780302E-01 0.2734366E+07 0.3271500E+07 0.3021977E+08 0.2748541E+08
140 0.1023144E+00 0.1788868E+07 0.2191243E+07 0.2936451E+08 0.2757564E+08
141 0.3805293E+00 0.1651822E+07 0.2543454E+07 0.2925738E+08 0.2760556E+08
142 0.8969112E-01 0.2065375E+07 0.2439631E+07 0.2941724E+08 0.2735187E+08
143 0.9018635E-01 0.1802164E+07 0.2294010E+07 0.2939201E+08 0.2758984E+08
144 0.5592280E-01 0.2943470E+07 0.3373606E+07 0.3035919E+08 0.2741572E+08
145 0.6341064E-01 0.2594806E+07 0.3077517E+07 0.3014270E+08 0.2754789E+08
146 0.5165860E+00 0.1848419E+07 0.3183526E+07 0.2989116E+08 0.2804274E+08
147 0.7649675E-01 0.2040984E+07 0.2555899E+07 0.2959800E+08 0.2755702E+08
148 0.8739263E-01 0.1775304E+07 0.2350552E+07 0.2935847E+08 0.2758317E+08
149 0.8193798E-01 0.2220944E+07 0.2711757E+07 0.2974982E+08 0.2752887E+08
150 0.7460917E-01 0.2295607E+07 0.2881264E+07 0.2988966E+08 0.2759405E+08
