1 0.28401331352016E+06
2 0.24879776747663E+06
3 0.34122981524721E+06
4 0.14120815722571E+06
5 0.40698738104182E+06
6 0.36645824532622E+06
7 0.37204806660817E+06
8 0.36833279527114E+06
9 0.36985354209949E+06
10 0.36951571346150E+06
11 0.36956185655726E+06
12 0.36954393254538E+06
13 0.36954489069672E+06
14 0.36954651645067E+06
15 0.36954455435826E+06
16 0.36954665807613E+06
17 0.36954918034656E+06
18 0.36954827079156E+06
19 0.36954895977674E+06
20 0.36954676585806E+06
21 0.36955142095419E+06
22 0.36955234775888E+06
23 0.36955004566805E+06
24 0.36954728554606E+06
25 0.36955155288444E+06
26 0.36954611080896E+06
27 0.36954817814741E+06
28 0.36955455247070E+06
29 0.36955103981188E+06
30 0.36955047116857E+06
31 0.36954593244865E+06
32 0.36955172471414E+06
33 0.36955090886300E+06
34 0.36955051217596E+06
35 0.36955028339305E+06
36 0.36954573905440E+06
37 0.36955180640397E+06
38 0.36954361410792E+06
39 0.36954743831075E+06
40 0.36955229527785E+06
41 0.36954589422899E+06
42 0.36954510743193E+06
43 0.36954811976020E+06
44 0.36955012626520E+06
45 0.36955110869934E+06
46 0.36954605199291E+06
47 0.36955154017305E+06
48 0.36955314002611E+06
49 0.36954556450619E+06
50 0.36955036107057E+06
51 0.36954378593998E+06
52 0.36955105904516E+06
53 0.36954650728274E+06
54 0.36954709615902E+06
55 0.36954941280982E+06
56 0.36955155182546E+06
57 0.36954564280446E+06
58 0.36955411035927E+06
59 0.36955031791903E+06
60 0.36955049315519E+06
61 0.36954848821395E+06
62 0.36955307457553E+06
63 0.36954479305905E+06
64 0.36955099661421E+06
65 0.36954597738511E+06
66 0.36955358212746E+06
67 0.36954329384685E+06
68 0.36955373739093E+06
69 0.36954547786749E+06
70 0.36955115676525E+06
71 0.36954971903906E+06
72 0.36955291788164E+06
73 0.36955090122648E+06
74 0.36954984940518E+06
75 0.36955123122979E+06
76 0.36954626516155E+06
77 0.36955364718915E+06
78 0.36954528428699E+06
79 0.36954642264728E+06
80 0.36955353613543E+06
81 0.36954568919214E+06
82 0.36955000551679E+06
83 0.36955195805242E+06
84 0.36955203769507E+06
85 0.36955163572545E+06
86 0.36955324727670E+06
87 0.36954343405386E+06
88 0.36954534414501E+06
89 0.36954595385235E+06
90 0.36955079888163E+06
91 0.36954603339903E+06
92 0.36954562506337E+06
93 0.36954621930769E+06
94 0.36955384915338E+06
95 0.36954580051461E+06
96 0.36955254009879E+06
97 0.36954864851377E+06
98 0.36955304941150E+06
99 0.36955141879202E+06
100 0.36955024724203E+06
101 0.36955067644063E+06
102 0.36955070707586E+06
103 0.36955228982925E+06
104 0.36954945233392E+06
105 0.36954422737566E+06
106 0.36954724146869E+06
107 0.36954484544021E+06
108 0.36954891182167E+06
109 0.36954558976306E+06
110 0.36954579756647E+06
111 0.36954642895418E+06
112 0.36954942773550E+06
113 0.36954699200128E+06
114 0.36955211497802E+06
115 0.36954362973785E+06
116 0.36955226714392E+06
117 0.36954472475091E+06
118 0.36954904195088E+06
119 0.36954652299981E+06
120 0.36955206788211E+06
121 0.36955061202691E+06
122 0.36954650062492E+06
123 0.36954702030428E+06
124 0.36955170557719E+06
125 0.36955115482143E+06
126 0.36954819974525E+06
127 0.36954876279754E+06
128 0.36954468731382E+06
129 0.36954598275641E+06
130 0.36954496257136E+06
131 0.36954421229647E+06
132 0.36954617834574E+06
133 0.36954938846680E+06
134 0.36954669828998E+06
135 0.36955306529359E+06
136 0.36954775203807E+06
137 0.36954752609757E+06
138 0.36955463175537E+06
139 0.36954589686454E+06
140 0.36955179242181E+06
141 0.36955038262170E+06
142 0.36954919970622E+06
143 0.36955220690488E+06
144 0.36954777509401E+06
145 0.36954954808076E+06
146 0.36954652861221E+06
147 0.36955279957269E+06
148 0.36954535249705E+06
149 0.36954787402939E+06
150 0.36954466613694E+06
