1 0.33692280760717E+05
2 0.51163637877143E+05
3 0.64306047868037E+05
4 0.58635885167748E+05
5 0.30512701620051E+05
6 0.64409548012473E+05
7 0.53046271027298E+05
8 0.51741076001448E+05
9 0.75068748063709E+05
10 0.47183240565390E+05
11 0.51157698911993E+05
12 0.64489535616819E+05
13 0.46332433605707E+05
14 0.64530544785635E+05
15 0.66278645055928E+05
16 0.59297434155374E+05
17 0.52295663754428E+05
18 0.65440616850499E+05
19 0.26942229219112E+05
20 0.54240508935043E+05
21 0.55601925787209E+05
22 0.83206424375908E+05
23 0.50642924949369E+05
24 0.43539314582083E+05
25 0.51310783209980E+05
26 0.12435458437521E+06
27 0.40021147563454E+05
28 0.50623566876864E+05
29 0.13462462913087E+06
30 0.50939641883328E+05
31 0.54113009459451E+05
32 0.55509459257556E+05
33 0.57389636763452E+05
34 0.55567567701009E+05
35 0.56730430488687E+05
36 0.52828057956527E+05
37 0.72171854841008E+05
38 0.39119420027457E+05
39 0.40990639955621E+05
40 0.45419747172870E+05
41 0.48225010434364E+05
42 0.49164499584261E+05
43 0.11964068518588E+06
44 0.42870771682299E+05
45 0.43444982839250E+05
46 0.11418382777031E+06
47 0.39708956006617E+05
48 0.47420756680589E+05
49 0.11652334567086E+06
50 0.51003446710783E+05
51 0.53245042711623E+05
52 0.57986105860359E+05
53 0.57033189913219E+05
54 0.51934972213851E+05
55 0.54631689733561E+05
56 0.80371225025457E+05
57 0.34741138594774E+05
58 0.39623700723914E+05
59 0.48715720124000E+05
60 0.59714287484654E+05
61 0.54571086173535E+05
62 0.44000640782037E+05
63 0.82047829678619E+05
64 0.30929737574525E+05
65 0.37853718021521E+05
66 0.53506747511772E+05
67 0.48239954183753E+05
68 0.61516490302584E+05
69 0.43841395493039E+05
70 0.58742211842520E+05
71 0.10166698773546E+06
72 0.35107902496242E+05
73 0.55515398859598E+05
74 0.41476969749795E+05
75 0.56317319312613E+05
76 0.59691369928669E+05
77 0.78454890745464E+05
78 0.33729499286401E+05
79 0.43745070903668E+05
80 0.48259884047808E+05
81 0.62318795939736E+05
82 0.51518882575865E+05
83 0.54108220738559E+05
84 0.86712645573728E+05
85 0.46831794744589E+05
86 0.57673934874343E+05
87 0.57349625721978E+05
88 0.47963174784740E+05
89 0.57844820363252E+05
90 0.80971293721703E+05
91 0.34104214243302E+05
92 0.48619092757727E+05
93 0.56634648492443E+05
94 0.13546457744848E+06
95 0.42884436661249E+05
96 0.48521058113059E+05
97 0.10671750404388E+06
98 0.38194843704841E+05
99 0.61710522629906E+05
100 0.47732571222047E+05
101 0.42907961892590E+05
102 0.63156203212367E+05
103 0.49418401822888E+05
104 0.60599312874277E+05
105 0.77961170649116E+05
106 0.39990176938048E+05
107 0.36759673575316E+05
108 0.47534286538725E+05
109 0.62619618718943E+05
110 0.42633806676211E+05
111 0.58391838524060E+05
112 0.59694152678110E+05
113 0.83739352304948E+05
114 0.48665777466113E+05
115 0.39483104593796E+05
116 0.51681359010599E+05
117 0.43364444110323E+05
118 0.96594413124862E+05
119 0.44306515607640E+05
120 0.49759352882564E+05
121 0.10162268281704E+06
122 0.51997435779467E+05
123 0.62355651536886E+05
124 0.48216172817144E+05
125 0.62726657254213E+05
126 0.56067333622443E+05
127 0.87412746087635E+05
128 0.49870951648379E+05
129 0.44992206709373E+05
130 0.52860773289959E+05
131 0.46552584758695E+05
132 0.54806902374690E+05
133 0.77600401160597E+05
134 0.36527443901477E+05
135 0.44327003970657E+05
136 0.45584136497498E+05
137 0.52013132329405E+05
138 0.74262768308108E+05
139 0.49973617839528E+05
140 0.65140813863648E+05
141 0.51229235738868E+05
142 0.64588379946186E+05
143 0.64017660166272E+05
144 0.80565270438614E+05
145 0.50133377407219E+05
146 0.39351441471677E+05
147 0.50524232903522E+05
148 0.66415706285113E+05
149 0.47349421206733E+05
150 0.62680861537518E+05
