1 0.1155280E+00 0.2573227E+07 0.8812096E+07 0.3099631E+08 0.2842308E+08
2 0.1639110E-01 0.2616724E+07 0.3290836E+07 0.3019520E+08 0.2757847E+08
3 0.3358193E-01 0.1749124E+07 0.2376792E+07 0.2934253E+08 0.2759340E+08
4 0.1618320E-01 0.2756951E+07 0.3308488E+07 0.3028365E+08 0.2752670E+08
5 0.6040160E-01 0.2054851E+07 0.2974188E+07 0.2934678E+08 0.2729193E+08
6 0.1651348E-01 0.2935221E+07 0.3507631E+07 0.3038919E+08 0.2745396E+08
7 0.8687657E-02 0.3451806E+07 0.4338400E+07 0.3116859E+08 0.2771679E+08
8 0.4959557E-01 0.1700289E+07 0.2226299E+07 0.2898537E+08 0.2728508E+08
9 0.2184150E-01 0.2997722E+07 0.4273101E+07 0.3060618E+08 0.2760845E+08
10 0.2069027E-01 0.2271729E+07 0.2743693E+07 0.2982360E+08 0.2755188E+08
11 0.1787777E-01 0.2587165E+07 0.3114167E+07 0.3015498E+08 0.2756782E+08
12 0.1492506E-01 0.3163108E+07 0.3856977E+07 0.3066624E+08 0.2750314E+08
13 0.9084941E-01 0.1728665E+07 0.2744853E+07 0.2905780E+08 0.2732913E+08
14 0.4422748E-01 0.2206882E+07 0.3566305E+07 0.2978304E+08 0.2757616E+08
15 0.2023234E-01 0.2278209E+07 0.2755576E+07 0.2977087E+08 0.2749266E+08
16 0.1491342E-01 0.3179041E+07 0.3736461E+07 0.3059255E+08 0.2741351E+08
17 0.4826013E-01 0.1243985E+07 0.1730586E+07 0.2881090E+08 0.2756692E+08
18 0.1813852E-01 0.2386136E+07 0.2887962E+07 0.2994692E+08 0.2756078E+08
19 0.4864434E-01 0.1771725E+07 0.2421254E+07 0.2919481E+08 0.2742308E+08
20 0.1620998E-01 0.2853735E+07 0.3487441E+07 0.3036792E+08 0.2751419E+08
21 0.1197214E-01 0.3048315E+07 0.3585588E+07 0.3052508E+08 0.2747676E+08
22 0.6006769E-01 0.1485169E+07 0.2045627E+07 0.2887632E+08 0.2739115E+08
23 0.1246752E+00 0.1295006E+07 0.2253875E+07 0.2871791E+08 0.2742290E+08
24 0.1609274E-01 0.2650417E+07 0.3176997E+07 0.3019551E+08 0.2754509E+08
25 0.2195899E-01 0.1876701E+07 0.2450349E+07 0.2947305E+08 0.2759635E+08
26 0.1934132E-01 0.2485275E+07 0.3096636E+07 0.3002603E+08 0.2754076E+08
27 0.6346259E-01 0.1213097E+07 0.1616289E+07 0.2858323E+08 0.2737013E+08
28 0.1056287E-01 0.3277756E+07 0.3887618E+07 0.3071533E+08 0.2743757E+08
29 0.2483616E-01 0.1701667E+07 0.2069761E+07 0.2931713E+08 0.2761546E+08
30 0.6790122E-01 0.9000431E+06 0.1115358E+07 0.2839502E+08 0.2749497E+08
31 0.1515496E+00 0.8897166E+06 0.1305630E+07 0.2838403E+08 0.2749431E+08
32 0.3111057E-01 0.7256628E+06 0.9141905E+06 0.2835144E+08 0.2762577E+08
33 0.1199797E-01 0.2895828E+07 0.3559770E+07 0.3042168E+08 0.2752586E+08
34 0.3110963E-01 0.1106133E+07 0.1352725E+07 0.2870573E+08 0.2759960E+08
35 0.2395667E-01 0.1731349E+07 0.2088790E+07 0.2933560E+08 0.2760425E+08
36 0.3020134E-01 0.1531782E+07 0.1921224E+07 0.2909228E+08 0.2756050E+08
37 0.1825927E-01 0.2441856E+07 0.2948767E+07 0.3002087E+08 0.2757901E+08
38 0.2498132E+00 0.1155118E+07 0.1655717E+07 0.2875260E+08 0.2759748E+08
39 0.9407593E-02 0.2256640E+07 0.2769596E+07 0.2982097E+08 0.2756433E+08
40 0.2183830E-01 0.1506497E+07 0.2016243E+07 0.2907848E+08 0.2757199E+08
41 0.2279520E-01 0.2059571E+07 0.2803568E+07 0.2964868E+08 0.2758911E+08
42 0.2038550E-01 0.2035616E+07 0.2545666E+07 0.2958600E+08 0.2755038E+08
43 0.1818465E-01 0.2481754E+07 0.2987538E+07 0.3000367E+08 0.2752192E+08
44 0.1433012E+00 0.8157100E+06 0.1148473E+07 0.2835506E+08 0.2753935E+08
45 0.1923834E-01 0.2271666E+07 0.2870971E+07 0.2982869E+08 0.2755702E+08
46 0.1970047E-01 0.2196832E+07 0.2864806E+07 0.2980566E+08 0.2760882E+08
47 0.1502064E-01 0.2801619E+07 0.3287731E+07 0.3027477E+08 0.2747315E+08
48 0.1712282E-01 0.2667310E+07 0.3184489E+07 0.3018989E+08 0.2752258E+08
49 0.2841309E+00 0.1160773E+07 0.1849978E+07 0.2897061E+08 0.2780983E+08
50 0.1059412E-01 0.1901719E+07 0.2416873E+07 0.2951132E+08 0.2760960E+08
51 0.1794593E-01 0.1536769E+07 0.1906751E+07 0.2910544E+08 0.2756867E+08
52 0.2715026E-01 0.1600094E+07 0.2133481E+07 0.2911105E+08 0.2751096E+08
53 0.2058042E-01 0.1925689E+07 0.2388894E+07 0.2947237E+08 0.2754668E+08
54 0.1601867E-01 0.2584716E+07 0.3157112E+07 0.3009201E+08 0.2750730E+08
55 0.1897891E-01 0.2352000E+07 0.2857833E+07 0.2988186E+08 0.2752986E+08
56 0.1163246E+00 0.6823529E+06 0.9893840E+06 0.2824781E+08 0.2756546E+08
57 0.1793516E-01 0.2030033E+07 0.2500276E+07 0.2965201E+08 0.2762198E+08
58 0.1327759E-01 0.2912291E+07 0.3597436E+07 0.3040845E+08 0.2749616E+08
59 0.1352495E+00 0.7491173E+06 0.1061281E+07 0.2839653E+08 0.2764741E+08
60 0.3331468E-01 0.7593412E+06 0.8347343E+06 0.2840590E+08 0.2764656E+08
61 0.1627850E-01 0.2638092E+07 0.3398574E+07 0.3022697E+08 0.2758887E+08
62 0.2312406E-01 0.1656122E+07 0.1933508E+07 0.2924964E+08 0.2759352E+08
63 0.2479914E-01 0.1872764E+07 0.2310560E+07 0.2946519E+08 0.2759243E+08
64 0.1733685E+00 0.8428956E+06 0.1307452E+07 0.2860651E+08 0.2776361E+08
65 0.1185286E-01 0.2626673E+07 0.3140083E+07 0.3012837E+08 0.2750170E+08
66 0.1634372E-01 0.2453163E+07 0.2995109E+07 0.2996949E+08 0.2751633E+08
67 0.3145629E-01 0.1839478E+07 0.2666095E+07 0.2946248E+08 0.2762301E+08
68 0.1372426E+00 0.6892256E+06 0.8887393E+06 0.2855044E+08 0.2786122E+08
69 0.7705244E-01 0.5017345E+06 0.5229233E+06 0.2788314E+08 0.2738141E+08
70 0.1482958E-01 0.2617010E+07 0.3610651E+07 0.3033722E+08 0.2772021E+08
71 0.3397426E-01 0.5060704E+06 0.6069704E+06 0.2810754E+08 0.2760147E+08
72 0.2388161E-01 0.1379413E+07 0.1616744E+07 0.2898721E+08 0.2760780E+08
73 0.9598349E-02 0.3002589E+07 0.3674681E+07 0.3052026E+08 0.2751767E+08
74 0.1940810E-01 0.2044495E+07 0.2455199E+07 0.2963584E+08 0.2759134E+08
75 0.4406120E-01 0.1139270E+07 0.2141625E+07 0.2877073E+08 0.2763146E+08
76 0.1908335E-01 0.2331017E+07 0.2831022E+07 0.2986791E+08 0.2753689E+08
77 0.2136525E+00 0.1192094E+07 0.1433920E+07 0.2861427E+08 0.2742218E+08
78 0.2579429E-01 0.7278473E+06 0.9672382E+06 0.2834035E+08 0.2761251E+08
79 0.1401972E-01 0.2481078E+07 0.2977671E+07 0.2995439E+08 0.2747332E+08
80 0.2436509E-01 0.1393147E+07 0.1719515E+07 0.2897655E+08 0.2758340E+08
81 0.1849028E-01 0.2115823E+07 0.2539462E+07 0.2969214E+08 0.2757632E+08
82 0.1355253E-01 0.2841648E+07 0.3295084E+07 0.3024668E+08 0.2740503E+08
83 0.2188764E-01 0.1796708E+07 0.2329970E+07 0.2904824E+08 0.2725153E+08
84 0.1704940E-01 0.2643636E+07 0.3176967E+07 0.3017400E+08 0.2753037E+08
85 0.2215630E+00 0.1085281E+07 0.1529128E+07 0.2861002E+08 0.2752474E+08
86 0.1606546E-01 0.1675331E+07 0.2045978E+07 0.2915841E+08 0.2748308E+08
87 0.1664820E-01 0.2167069E+07 0.2709839E+07 0.2971513E+08 0.2754806E+08
88 0.1638959E-01 0.2256238E+07 0.2767820E+07 0.2977441E+08 0.2751817E+08
89 0.1581623E-01 0.2502310E+07 0.3039349E+07 0.3005863E+08 0.2755632E+08
90 0.5410307E-01 0.5623250E+06 0.8276989E+06 0.2807457E+08 0.2751224E+08
91 0.2975882E-01 0.1119019E+07 0.1325813E+07 0.2873189E+08 0.2761287E+08
92 0.1288362E+00 0.7786455E+06 0.1126906E+07 0.2833526E+08 0.2755661E+08
93 0.2480932E-01 0.1541033E+07 0.1894929E+07 0.2912087E+08 0.2757983E+08
94 0.1074005E-01 0.3182940E+07 0.3870064E+07 0.3065978E+08 0.2747684E+08
95 0.2588656E-01 0.1764636E+07 0.2174880E+07 0.2934153E+08 0.2757689E+08
96 0.2274224E+00 0.1062231E+07 0.1646875E+07 0.2875276E+08 0.2769053E+08
97 0.1635495E-01 0.2098639E+07 0.2717878E+07 0.2966389E+08 0.2756525E+08
98 0.2065742E-01 0.1776547E+07 0.2182611E+07 0.2934896E+08 0.2757242E+08
99 0.1590261E-01 0.2538551E+07 0.3208437E+07 0.3010036E+08 0.2756181E+08
100 0.2178962E-01 0.2053355E+07 0.2516553E+07 0.2961676E+08 0.2756340E+08
101 0.4800847E-01 0.1108975E+07 0.1803406E+07 0.2860942E+08 0.2750044E+08
102 0.2024111E-01 0.2306472E+07 0.2864940E+07 0.2989321E+08 0.2758674E+08
103 0.1917160E-01 0.2210099E+07 0.2707718E+07 0.2977254E+08 0.2756244E+08
104 0.1804367E+00 0.8425071E+06 0.1099628E+07 0.2860152E+08 0.2775902E+08
105 0.5478274E-01 0.4148959E+06 0.4876300E+06 0.2784872E+08 0.2743382E+08
106 0.1068779E-01 0.2689104E+07 0.3285182E+07 0.3023071E+08 0.2754160E+08
107 0.2581389E-01 0.7528991E+06 0.8812213E+06 0.2840954E+08 0.2765664E+08
108 0.2704121E-01 0.1181453E+07 0.1393407E+07 0.2879937E+08 0.2761792E+08
109 0.2898112E-01 0.1671434E+07 0.2275818E+07 0.2927387E+08 0.2760243E+08
110 0.2196436E-01 0.1877900E+07 0.2242821E+07 0.2944953E+08 0.2757163E+08
111 0.2188550E-01 0.2096666E+07 0.2639680E+07 0.2967587E+08 0.2757920E+08
112 0.2125533E-01 0.2173751E+07 0.2663325E+07 0.2975204E+08 0.2757829E+08
113 0.2077578E-01 0.2301500E+07 0.2854664E+07 0.2988568E+08 0.2758418E+08
114 0.1876695E-01 0.2542399E+07 0.3092103E+07 0.3009965E+08 0.2755725E+08
115 0.2842897E+00 0.1287879E+07 0.1972336E+07 0.2895731E+08 0.2766943E+08
116 0.1557796E-01 0.1610990E+07 0.1941798E+07 0.2914570E+08 0.2753471E+08
117 0.2022682E-01 0.1790792E+07 0.2335230E+07 0.2938874E+08 0.2759795E+08
118 0.1777901E-01 0.2021329E+07 0.2467305E+07 0.2956265E+08 0.2754133E+08
119 0.1710989E-01 0.2430749E+07 0.3018693E+07 0.2996756E+08 0.2753681E+08
120 0.1795842E-01 0.2297755E+07 0.2814031E+07 0.2986521E+08 0.2756746E+08
121 0.1037764E+00 0.7001481E+06 0.9461988E+06 0.2813070E+08 0.2743055E+08
122 0.2750683E-01 0.1084154E+07 0.1326084E+07 0.2869904E+08 0.2761489E+08
123 0.1307280E-01 0.2996724E+07 0.3595165E+07 0.3046310E+08 0.2746637E+08
124 0.2313168E-01 0.1697056E+07 0.2045417E+07 0.2929470E+08 0.2759765E+08
125 0.2413635E-01 0.1917226E+07 0.2393827E+07 0.2950903E+08 0.2759180E+08
126 0.1878813E+00 0.9263042E+06 0.1287614E+07 0.2854101E+08 0.2761471E+08
127 0.2226304E-01 0.1844877E+07 0.2522431E+07 0.2943383E+08 0.2758895E+08
128 0.2996941E-01 0.9293588E+06 0.1102294E+07 0.2857656E+08 0.2764720E+08
129 0.1594656E-01 0.2592719E+07 0.3138233E+07 0.3010995E+08 0.2751724E+08
130 0.2782600E-01 0.1296357E+07 0.1537227E+07 0.2892262E+08 0.2762626E+08
131 0.2238371E-01 0.1916128E+07 0.2289198E+07 0.2951454E+08 0.2759841E+08
132 0.1713543E+00 0.8766504E+06 0.1181009E+07 0.2842884E+08 0.2755219E+08
133 0.1066606E-01 0.2621768E+07 0.3158694E+07 0.3010971E+08 0.2748794E+08
134 0.2046768E-01 0.2003211E+07 0.2623623E+07 0.2958614E+08 0.2758292E+08
135 0.2545203E-01 0.2037084E+07 0.2833773E+07 0.2962859E+08 0.2759150E+08
136 0.1799063E-01 0.2576357E+07 0.3158344E+07 0.3008684E+08 0.2751049E+08
137 0.1662826E-01 0.2773468E+07 0.3392896E+07 0.3030138E+08 0.2752791E+08
138 0.1888113E+00 0.8788918E+06 0.1327858E+07 0.2874455E+08 0.2786565E+08
139 0.2017314E-01 0.2280442E+07 0.2939188E+07 0.2983160E+08 0.2755116E+08
140 0.1908706E-01 0.2400340E+07 0.3093281E+07 0.2999511E+08 0.2759477E+08
141 0.1699363E-01 0.2762049E+07 0.3312675E+07 0.3026381E+08 0.2750176E+08
142 0.1444709E-01 0.2755245E+07 0.3317006E+07 0.3029316E+08 0.2753792E+08
143 0.3527412E+00 0.1312349E+07 0.2250042E+07 0.2920275E+08 0.2789040E+08
144 0.8929658E-02 0.1393995E+07 0.1669659E+07 0.2884557E+08 0.2745158E+08
145 0.9132497E-02 0.1568284E+07 0.1841405E+07 0.2908326E+08 0.2751497E+08
146 0.2992625E-01 0.7681780E+06 0.9751492E+06 0.2833709E+08 0.2756892E+08
147 0.2655645E-01 0.1341968E+07 0.1892940E+07 0.2897647E+08 0.2763450E+08
148 0.1897892E-01 0.1635595E+07 0.1943470E+07 0.2918015E+08 0.2754456E+08
149 0.1488735E-01 0.2403036E+07 0.2837692E+07 0.2985152E+08 0.2744849E+08
150 0.4751935E-01 0.6951622E+06 0.8502892E+06 0.2818083E+08 0.2748567E+08
