1 0.14244612059768E+06
2 0.17847417613211E+06
3 0.18983886909729E+06
4 0.12743449630108E+06
5 0.11872801338334E+06
6 0.23452926836439E+06
7 0.21543356054012E+06
8 0.18054655489606E+06
9 0.21228801011392E+06
10 0.19822582198269E+06
11 0.20362858518993E+06
12 0.21608240754381E+06
13 0.19525768456232E+06
14 0.20112273496096E+06
15 0.21848080887414E+06
16 0.18675227078639E+06
17 0.20108900906593E+06
18 0.21635395466925E+06
19 0.18219304822315E+06
20 0.19996955344330E+06
21 0.21694659612672E+06
22 0.17885642346127E+06
23 0.19849929103527E+06
24 0.21045773920435E+06
25 0.18757325716886E+06
26 0.20655572867413E+06
27 0.21621280018526E+06
28 0.19836852109574E+06
29 0.20025274534798E+06
30 0.21530030001474E+06
31 0.18879061568213E+06
32 0.20004054581543E+06
33 0.21765212003254E+06
34 0.18232347676238E+06
35 0.19998267750075E+06
36 0.21663476140590E+06
37 0.18018147732427E+06
38 0.19882464354448E+06
39 0.20729489586874E+06
40 0.18860691715254E+06
41 0.21074331584630E+06
42 0.21533224002497E+06
43 0.23759162613553E+06
44 0.17835329967597E+06
45 0.17788606076473E+06
46 0.23202419481335E+06
47 0.24197734768177E+06
48 0.19670181665012E+06
49 0.22975709677167E+06
50 0.24283627040734E+06
51 0.18463923169774E+06
52 0.22650926895132E+06
53 0.22663273433640E+06
54 0.22560432242407E+06
55 0.20869618770198E+06
56 0.21204453418422E+06
57 0.13335292920909E+06
58 0.20730758622223E+06
59 0.19761770204585E+06
60 0.19885002180362E+06
61 0.20963762115631E+06
62 0.19130502944418E+06
63 0.20013911589462E+06
64 0.21791023010158E+06
65 0.18296558731113E+06
66 0.20041649136100E+06
67 0.21615236532544E+06
68 0.18123698530272E+06
69 0.19886464681040E+06
70 0.20633473181584E+06
71 0.18909151760413E+06
72 0.21181301653712E+06
73 0.21455617858131E+06
74 0.23885873026608E+06
75 0.17190138540373E+06
76 0.22079680174778E+06
77 0.22681050864835E+06
78 0.21949019674205E+06
79 0.23005066129260E+06
80 0.20374759168904E+06
81 0.23076652618167E+06
82 0.18177537484916E+06
83 0.23124146787154E+06
84 0.23245278966660E+06
85 0.22036533854007E+06
86 0.22391601933039E+06
87 0.22816301279434E+06
88 0.20525213590777E+06
89 0.22798992006567E+06
90 0.18883034960119E+06
91 0.23473573873972E+06
92 0.23006683022236E+06
93 0.22091138241275E+06
94 0.22302464575416E+06
95 0.22859938226527E+06
96 0.20479443169849E+06
97 0.22847065216608E+06
98 0.18772634971577E+06
99 0.23438447002333E+06
100 0.23112318314459E+06
101 0.22131607568359E+06
102 0.22263158458040E+06
103 0.22898294047785E+06
104 0.20499032539093E+06
105 0.22876191213077E+06
106 0.18732408783122E+06
107 0.23425717538714E+06
108 0.23142896310324E+06
109 0.22125990141099E+06
110 0.22272368168087E+06
111 0.22893648464326E+06
112 0.20482871140278E+06
113 0.22869710925748E+06
114 0.18752854898038E+06
115 0.23438107879577E+06
116 0.23123276234725E+06
117 0.22134330563825E+06
118 0.22257699444263E+06
119 0.22868395254266E+06
120 0.20500867377652E+06
121 0.22877130971039E+06
122 0.18731289551365E+06
123 0.23425621235546E+06
124 0.23142926528488E+06
125 0.22128324783522E+06
126 0.22269590708321E+06
127 0.22863189066208E+06
128 0.20481546955398E+06
129 0.22894139821261E+06
130 0.18750067043837E+06
131 0.23436413991047E+06
132 0.23123854353220E+06
133 0.22128191183882E+06
134 0.22269190535340E+06
135 0.22864005332450E+06
136 0.20480358400348E+06
137 0.22872257525780E+06
138 0.18772829926063E+06
139 0.23433482873390E+06
140 0.23126205747802E+06
141 0.22126427970789E+06
142 0.22270761440557E+06
143 0.22893966630957E+06
144 0.20482659121118E+06
145 0.22894479013674E+06
146 0.18748737329687E+06
147 0.23435668109444E+06
148 0.23124598903968E+06
149 0.22133357220899E+06
150 0.22258653457004E+06
