1 0.1769137E+00 0.2752404E+07 0.8864379E+07 0.3113404E+08 0.2838164E+08
2 0.3601125E-01 0.2617492E+07 0.3436490E+07 0.3017878E+08 0.2756129E+08
3 0.7911460E-01 0.2338065E+07 0.3022950E+07 0.2952915E+08 0.2719108E+08
4 0.4045893E-01 0.2401700E+07 0.3094377E+07 0.2999512E+08 0.2759342E+08
5 0.1556596E-01 0.3396094E+07 0.4411806E+07 0.3121011E+08 0.2781402E+08
6 0.1075457E+00 0.2073418E+07 0.2990889E+07 0.2939681E+08 0.2732340E+08
7 0.3379950E-01 0.2891123E+07 0.3387385E+07 0.3029678E+08 0.2740566E+08
8 0.3639610E-01 0.3063237E+07 0.4257016E+07 0.3066818E+08 0.2760494E+08
9 0.1029103E+00 0.1741030E+07 0.2312596E+07 0.2905375E+08 0.2731272E+08
10 0.2557205E-01 0.3182034E+07 0.3727263E+07 0.3066332E+08 0.2748128E+08
11 0.3047416E-01 0.2565735E+07 0.3805971E+07 0.2980477E+08 0.2723903E+08
12 0.5087749E-01 0.1830763E+07 0.2263833E+07 0.2941373E+08 0.2758297E+08
13 0.2738217E-01 0.3197582E+07 0.3857919E+07 0.3064457E+08 0.2744698E+08
14 0.4996392E-01 0.1960286E+07 0.2438965E+07 0.2953414E+08 0.2757386E+08
15 0.9663068E-01 0.1941228E+07 0.3135401E+07 0.2953555E+08 0.2759433E+08
16 0.3868223E-01 0.2391531E+07 0.2898344E+07 0.2996518E+08 0.2757364E+08
17 0.3316201E-01 0.2817220E+07 0.3421699E+07 0.3031359E+08 0.2749637E+08
18 0.1931736E+00 0.1519051E+07 0.2659137E+07 0.2884774E+08 0.2732869E+08
19 0.1338785E-01 0.3341604E+07 0.4048132E+07 0.3080976E+08 0.2746815E+08
20 0.4188596E-01 0.2068032E+07 0.2690811E+07 0.2965910E+08 0.2759107E+08
21 0.3586765E-01 0.2600560E+07 0.3165148E+07 0.3013878E+08 0.2753822E+08
22 0.2700120E+00 0.1303097E+07 0.1980005E+07 0.2893695E+08 0.2763385E+08
23 0.4051073E-01 0.1910186E+07 0.2421082E+07 0.2949506E+08 0.2758487E+08
24 0.3005408E-01 0.2593873E+07 0.3300567E+07 0.3015032E+08 0.2755645E+08
25 0.3265744E-01 0.2600915E+07 0.3100141E+07 0.3011842E+08 0.2751750E+08
26 0.2514626E+00 0.1216560E+07 0.1753089E+07 0.2887621E+08 0.2765965E+08
27 0.2949715E-01 0.2571442E+07 0.3264179E+07 0.3014021E+08 0.2756877E+08
28 0.3809447E-01 0.2309183E+07 0.3054786E+07 0.2990054E+08 0.2759136E+08
29 0.2202907E+00 0.1112204E+07 0.1559305E+07 0.2879070E+08 0.2767849E+08
30 0.3924511E-01 0.2237669E+07 0.2996143E+07 0.2983903E+08 0.2760137E+08
31 0.3959026E-01 0.2151105E+07 0.2611895E+07 0.2968157E+08 0.2753047E+08
32 0.3646522E-01 0.2627754E+07 0.3219365E+07 0.3014423E+08 0.2751648E+08
33 0.3743000E-01 0.2359607E+07 0.2824595E+07 0.2993521E+08 0.2757560E+08
34 0.3771089E-01 0.2191538E+07 0.2998336E+07 0.2958205E+08 0.2739052E+08
35 0.4408178E-01 0.2328619E+07 0.3165576E+07 0.2991129E+08 0.2758268E+08
36 0.3024381E-01 0.2897400E+07 0.3417081E+07 0.3041496E+08 0.2751756E+08
37 0.4417510E+00 0.1612674E+07 0.2851785E+07 0.2954986E+08 0.2793719E+08
38 0.3915000E-01 0.1643840E+07 0.2180718E+07 0.2919283E+08 0.2754899E+08
39 0.3646406E-01 0.1945539E+07 0.2631557E+07 0.2953854E+08 0.2759300E+08
40 0.3241541E-01 0.2445128E+07 0.2884888E+07 0.2987088E+08 0.2742575E+08
41 0.3271073E-01 0.2508443E+07 0.3074769E+07 0.3002012E+08 0.2751168E+08
42 0.3030324E-01 0.2698861E+07 0.3202966E+07 0.3020947E+08 0.2751061E+08
43 0.2269679E+00 0.1131971E+07 0.1664929E+07 0.2877785E+08 0.2764588E+08
44 0.2978495E-01 0.2554315E+07 0.3139392E+07 0.3008363E+08 0.2752931E+08
45 0.2895107E-01 0.2763504E+07 0.3446710E+07 0.3031338E+08 0.2754987E+08
46 0.2487507E+00 0.1193884E+07 0.1725413E+07 0.2889435E+08 0.2770046E+08
47 0.2855361E-01 0.2608317E+07 0.3290743E+07 0.3012653E+08 0.2751821E+08
48 0.3258531E-01 0.2519135E+07 0.3089737E+07 0.3003382E+08 0.2751468E+08
49 0.2502303E+00 0.1267397E+07 0.1712353E+07 0.2885749E+08 0.2759009E+08
50 0.4065363E-01 0.1900764E+07 0.2490056E+07 0.2951351E+08 0.2761275E+08
51 0.3976884E-01 0.2014998E+07 0.2568496E+07 0.2962532E+08 0.2761032E+08
52 0.4175790E-01 0.2280138E+07 0.2825782E+07 0.2981969E+08 0.2753955E+08
53 0.3854346E-01 0.2412324E+07 0.2902997E+07 0.2994295E+08 0.2753063E+08
54 0.2949721E-01 0.2945842E+07 0.3472619E+07 0.3045528E+08 0.2750944E+08
55 0.3300381E-01 0.2618999E+07 0.3166478E+07 0.3020193E+08 0.2758293E+08
56 0.4068149E+00 0.1542354E+07 0.2646352E+07 0.2943233E+08 0.2788997E+08
57 0.2846918E-01 0.2120867E+07 0.2516878E+07 0.2958648E+08 0.2746561E+08
58 0.3598888E-01 0.1770109E+07 0.2233413E+07 0.2932851E+08 0.2755840E+08
59 0.3613720E-01 0.2289068E+07 0.2801099E+07 0.2980103E+08 0.2751196E+08
60 0.6533886E-01 0.1393895E+07 0.1840811E+07 0.2896676E+08 0.2757287E+08
61 0.3897972E-01 0.2318179E+07 0.2846286E+07 0.2983982E+08 0.2752164E+08
62 0.2421007E-01 0.3134839E+07 0.3631525E+07 0.3056718E+08 0.2743234E+08
63 0.4233826E+00 0.1515458E+07 0.2666148E+07 0.2953570E+08 0.2802024E+08
64 0.2856459E-01 0.1933742E+07 0.2418727E+07 0.2946611E+08 0.2753236E+08
65 0.3244127E-01 0.1928913E+07 0.2407490E+07 0.2948651E+08 0.2755760E+08
66 0.5838267E-01 0.1609166E+07 0.2065808E+07 0.2913852E+08 0.2752935E+08
67 0.3420259E-01 0.2312734E+07 0.2877062E+07 0.2985940E+08 0.2754666E+08
68 0.5868191E-01 0.9973460E+06 0.1275661E+07 0.2851624E+08 0.2751889E+08
69 0.2750138E-01 0.2799941E+07 0.3329355E+07 0.3024973E+08 0.2744979E+08
70 0.4263115E-01 0.1837490E+07 0.2182971E+07 0.2944813E+08 0.2761064E+08
71 0.3329427E+00 0.1408817E+07 0.2144828E+07 0.2916430E+08 0.2775549E+08
72 0.2803776E-01 0.2152216E+07 0.2607256E+07 0.2970655E+08 0.2755434E+08
73 0.5209194E-01 0.1210944E+07 0.1562515E+07 0.2884214E+08 0.2763120E+08
74 0.2483815E-01 0.2881857E+07 0.3441113E+07 0.3036036E+08 0.2747850E+08
75 0.4279654E-01 0.1888915E+07 0.2295045E+07 0.2946987E+08 0.2758096E+08
76 0.4178565E-01 0.2182705E+07 0.2691468E+07 0.2976977E+08 0.2758707E+08
77 0.3182927E+00 0.1390134E+07 0.2152462E+07 0.2911618E+08 0.2772604E+08
78 0.2382698E-01 0.2545115E+07 0.3152715E+07 0.3009921E+08 0.2755410E+08
79 0.3886748E-01 0.2024761E+07 0.2642854E+07 0.2960099E+08 0.2757623E+08
80 0.3292320E-01 0.2509217E+07 0.3034553E+07 0.3001769E+08 0.2750848E+08
81 0.6353494E-01 0.1623400E+07 0.2297469E+07 0.2920591E+08 0.2758251E+08
82 0.3282232E-01 0.2498254E+07 0.3052958E+07 0.3006797E+08 0.2756972E+08
83 0.3187003E-01 0.2755812E+07 0.3312520E+07 0.3029742E+08 0.2754161E+08
84 0.3324737E+00 0.1460343E+07 0.2185566E+07 0.2908845E+08 0.2762811E+08
85 0.3784793E-01 0.2106232E+07 0.2768110E+07 0.2967830E+08 0.2757206E+08
86 0.5861939E-01 0.1197829E+07 0.1576017E+07 0.2877368E+08 0.2757586E+08
87 0.4362542E-01 0.1839391E+07 0.2222693E+07 0.2942203E+08 0.2758264E+08
88 0.2916283E-01 0.2970141E+07 0.3467370E+07 0.3037353E+08 0.2740339E+08
89 0.3866603E-01 0.2308642E+07 0.2799851E+07 0.2988302E+08 0.2757438E+08
90 0.3336849E+00 0.1415647E+07 0.2174356E+07 0.2917809E+08 0.2776245E+08
91 0.2456209E-01 0.2637964E+07 0.3313460E+07 0.3017305E+08 0.2753508E+08
92 0.4421237E-01 0.1623332E+07 0.2077419E+07 0.2922292E+08 0.2759958E+08
93 0.4331884E-01 0.2013324E+07 0.2560911E+07 0.2960012E+08 0.2758680E+08
94 0.1988469E+00 0.1078080E+07 0.1467165E+07 0.2865502E+08 0.2757694E+08
95 0.3190691E-01 0.2534211E+07 0.3295591E+07 0.3009745E+08 0.2756324E+08
96 0.3404508E-01 0.2323528E+07 0.2853742E+07 0.2987515E+08 0.2755162E+08
97 0.2759465E+00 0.1273635E+07 0.1855491E+07 0.2901074E+08 0.2773711E+08
98 0.2753255E-01 0.2437638E+07 0.2949168E+07 0.2989932E+08 0.2746168E+08
99 0.5527974E-01 0.1179457E+07 0.1338535E+07 0.2879115E+08 0.2761169E+08
100 0.2748801E-01 0.2866217E+07 0.3399205E+07 0.3038376E+08 0.2751754E+08
101 0.4525396E-01 0.1469194E+07 0.2247178E+07 0.2898861E+08 0.2751941E+08
102 0.4975762E-01 0.1532950E+07 0.1782173E+07 0.2915521E+08 0.2762226E+08
103 0.2920336E-01 0.2982073E+07 0.3523761E+07 0.3043665E+08 0.2745458E+08
104 0.4193673E-01 0.1982818E+07 0.2310566E+07 0.2960214E+08 0.2761932E+08
105 0.4397912E+00 0.1616353E+07 0.2804591E+07 0.2953117E+08 0.2791481E+08
106 0.3673643E-01 0.1690772E+07 0.2157517E+07 0.2924567E+08 0.2755490E+08
107 0.3337739E-01 0.2124703E+07 0.2620495E+07 0.2954469E+08 0.2741999E+08
108 0.3481542E-01 0.2308308E+07 0.2772562E+07 0.2979207E+08 0.2748376E+08
109 0.7375024E-01 0.1243449E+07 0.1580109E+07 0.2881207E+08 0.2756862E+08
110 0.2347826E-01 0.3071136E+07 0.3579404E+07 0.3052617E+08 0.2745504E+08
111 0.4648514E-01 0.1881077E+07 0.2384343E+07 0.2947518E+08 0.2759410E+08
112 0.4147197E-01 0.2261182E+07 0.2826593E+07 0.2984557E+08 0.2758438E+08
113 0.3885124E+00 0.1554596E+07 0.2522942E+07 0.2936100E+08 0.2780640E+08
114 0.4842777E-01 0.1199590E+07 0.1605920E+07 0.2881972E+08 0.2762013E+08
115 0.3478109E-01 0.2105680E+07 0.2591645E+07 0.2959196E+08 0.2748628E+08
116 0.3972267E-01 0.1918833E+07 0.2316912E+07 0.2947244E+08 0.2755361E+08
117 0.2760468E-01 0.2630576E+07 0.3188337E+07 0.3015372E+08 0.2752314E+08
118 0.2391555E+00 0.1205340E+07 0.1702424E+07 0.2880190E+08 0.2759656E+08
119 0.3461613E-01 0.2373781E+07 0.2995982E+07 0.2990415E+08 0.2753037E+08
120 0.3684725E-01 0.2316130E+07 0.2869356E+07 0.2984095E+08 0.2752482E+08
121 0.2277697E+00 0.1125680E+07 0.1506362E+07 0.2877584E+08 0.2765016E+08
122 0.3996520E-01 0.1896642E+07 0.2310037E+07 0.2947693E+08 0.2758029E+08
123 0.5450863E-01 0.1166205E+07 0.1393095E+07 0.2881982E+08 0.2765362E+08
124 0.2768151E-01 0.2906729E+07 0.3369114E+07 0.3038262E+08 0.2747589E+08
125 0.4901311E-01 0.1645580E+07 0.1960838E+07 0.2925587E+08 0.2761029E+08
126 0.3603707E-01 0.2322720E+07 0.2805241E+07 0.2992374E+08 0.2760102E+08
127 0.3289694E+00 0.1435248E+07 0.2107545E+07 0.2911960E+08 0.2768435E+08
128 0.4733804E-01 0.1581124E+07 0.1983366E+07 0.2915025E+08 0.2756912E+08
129 0.3306352E-01 0.2425847E+07 0.3096055E+07 0.2996514E+08 0.2753929E+08
130 0.3759132E-01 0.2302805E+07 0.2793294E+07 0.2981781E+08 0.2751500E+08
131 0.2695973E-01 0.3039463E+07 0.3589187E+07 0.3050156E+08 0.2746209E+08
132 0.3421405E-01 0.2668551E+07 0.3176886E+07 0.3018107E+08 0.2751252E+08
133 0.3858516E+00 0.1504580E+07 0.2504104E+07 0.2940461E+08 0.2790003E+08
134 0.2987905E-01 0.2082313E+07 0.2581029E+07 0.2962514E+08 0.2754282E+08
135 0.4103676E-01 0.1771698E+07 0.2354678E+07 0.2935387E+08 0.2758217E+08
136 0.2981621E-01 0.2704976E+07 0.3206274E+07 0.3015169E+08 0.2744671E+08
137 0.3784318E-01 0.2281878E+07 0.2846090E+07 0.2982005E+08 0.2753817E+08
138 0.2850258E+00 0.1261042E+07 0.1875063E+07 0.2904778E+08 0.2778674E+08
139 0.4414500E-01 0.1867103E+07 0.2565403E+07 0.2947112E+08 0.2760402E+08
140 0.6472385E-01 0.1131464E+07 0.1415675E+07 0.2871424E+08 0.2758278E+08
141 0.3333001E-01 0.2616007E+07 0.3168323E+07 0.3012498E+08 0.2750897E+08
142 0.4812003E-01 0.1403421E+07 0.1578587E+07 0.2911808E+08 0.2771466E+08
143 0.4842347E-01 0.1743959E+07 0.2056615E+07 0.2935584E+08 0.2761188E+08
144 0.3291383E+00 0.1297331E+07 0.2036048E+07 0.2907521E+08 0.2777788E+08
145 0.4375027E-01 0.1357944E+07 0.1723213E+07 0.2899397E+08 0.2763603E+08
146 0.3087098E-01 0.2315121E+07 0.2915599E+07 0.2986558E+08 0.2755046E+08
147 0.3402576E-01 0.2175439E+07 0.2562237E+07 0.2975235E+08 0.2757691E+08
148 0.7249738E-01 0.1318845E+07 0.1647642E+07 0.2884728E+08 0.2752843E+08
149 0.2623219E-01 0.2985738E+07 0.3482187E+07 0.3046837E+08 0.2748263E+08
150 0.5246688E-01 0.1801485E+07 0.2278100E+07 0.2937742E+08 0.2757593E+08
