1 0.4305000E+04 0.4613722E+00 0.2902526E+07
2 0.4720000E+04 0.5243550E+00 0.3135536E+07
3 0.3527500E+05 0.2773782E+01 0.1867629E+07
4 0.2685000E+04 0.2937261E+00 0.3075123E+07
5 0.1710000E+04 0.2051637E+00 0.3703140E+07
6 0.6080000E+04 0.6176322E+00 0.2959337E+07
7 0.5480000E+04 0.5717950E+00 0.2891579E+07
8 0.4065000E+04 0.2979914E+00 0.2463331E+07
9 0.1890000E+04 0.2055090E+00 0.3354314E+07
10 0.4647000E+05 0.3501815E+01 0.1546212E+07
11 0.2655000E+04 0.3083315E+00 0.3233183E+07
12 0.1700000E+04 0.1992799E+00 0.3510886E+07
13 0.7010000E+04 0.7249752E+00 0.2901409E+07
14 0.6505000E+04 0.6505989E+00 0.2735139E+07
15 0.3935000E+04 0.3207177E+00 0.2556228E+07
16 0.3235000E+04 0.2971858E+00 0.2831676E+07
17 0.5180500E+05 0.3709512E+01 0.1311261E+07
18 0.2300000E+04 0.2764648E+00 0.3350723E+07
19 0.2780000E+04 0.3265789E+00 0.3307539E+07
20 0.5845000E+04 0.6243920E+00 0.3003632E+07
21 0.7275000E+04 0.6884966E+00 0.2642020E+07
22 0.3050000E+04 0.2793793E+00 0.2910683E+07
23 0.4224500E+05 0.3249838E+01 0.1690483E+07
24 0.2780000E+04 0.3289861E+00 0.3415543E+07
25 0.2005000E+04 0.2423099E+00 0.3506739E+07
26 0.9190000E+04 0.8397357E+00 0.2413768E+07
27 0.2150500E+05 0.1337582E+01 0.1477061E+07
28 0.2575000E+04 0.2739074E+00 0.3020883E+07
29 0.2900000E+04 0.2807802E+00 0.2975795E+07
30 0.3768000E+05 0.2943467E+01 0.1845254E+07
31 0.2665000E+04 0.2975671E+00 0.3151673E+07
32 0.1755000E+04 0.2101625E+00 0.3638348E+07
33 0.5900000E+04 0.5965501E+00 0.2949689E+07
34 0.5570000E+04 0.5756999E+00 0.2848013E+07
35 0.1900000E+04 0.1979385E+00 0.3356016E+07
36 0.2335000E+04 0.2445786E+00 0.3219800E+07
37 0.4598500E+05 0.3469712E+01 0.1567485E+07
38 0.2855000E+04 0.3287865E+00 0.3336172E+07
39 0.1595000E+04 0.1861829E+00 0.3565599E+07
40 0.7515000E+04 0.7680951E+00 0.2863395E+07
41 0.6825000E+04 0.6194981E+00 0.2398694E+07
42 0.2860000E+04 0.2945615E+00 0.3032045E+07
43 0.3780000E+04 0.3004210E+00 0.2571028E+07
44 0.3915000E+05 0.2942278E+01 0.1686145E+07
45 0.2535000E+04 0.2959652E+00 0.3249069E+07
46 0.2440000E+04 0.2871321E+00 0.3375720E+07
47 0.7410000E+04 0.7286720E+00 0.2733727E+07
48 0.1951000E+05 0.1232238E+01 0.1539800E+07
49 0.3010000E+04 0.3016793E+00 0.2860518E+07
50 0.2035000E+04 0.2224945E+00 0.3298944E+07
51 0.4400000E+05 0.3326105E+01 0.1612659E+07
52 0.3245000E+04 0.3818293E+00 0.3399225E+07
53 0.1655000E+04 0.1994947E+00 0.3549307E+07
54 0.5520000E+04 0.5708350E+00 0.2677146E+07
55 0.2139500E+05 0.1494277E+01 0.1669506E+07
56 0.2910000E+04 0.2941075E+00 0.2930975E+07
57 0.2690000E+04 0.2961345E+00 0.3218366E+07
58 0.3531500E+05 0.2748566E+01 0.1846299E+07
59 0.2580000E+04 0.2888182E+00 0.3150114E+07
60 0.1610000E+04 0.1962911E+00 0.3828103E+07
61 0.5375000E+04 0.5285514E+00 0.2905097E+07
62 0.4995000E+04 0.5406832E+00 0.3046558E+07
63 0.3719500E+05 0.2927082E+01 0.1826147E+07
64 0.2440000E+04 0.2785687E+00 0.3270245E+07
65 0.1930000E+04 0.2300918E+00 0.3456471E+07
66 0.4965000E+04 0.5147967E+00 0.3080880E+07
67 0.6755000E+04 0.6452953E+00 0.2600680E+07
68 0.3483500E+05 0.2750762E+01 0.1879612E+07
69 0.2435000E+04 0.2831271E+00 0.3441836E+07
70 0.1985000E+04 0.2345694E+00 0.3437552E+07
71 0.8860000E+04 0.8139476E+00 0.2450014E+07
72 0.1154000E+05 0.9559531E+00 0.2310301E+07
73 0.1029000E+05 0.8474774E+00 0.2246162E+07
74 0.7785000E+04 0.5466525E+00 0.2069853E+07
75 0.2940000E+04 0.2923388E+00 0.2944501E+07
76 0.3474000E+05 0.2722603E+01 0.1841835E+07
77 0.2325000E+04 0.2658740E+00 0.3425792E+07
78 0.1900000E+04 0.2266802E+00 0.3526274E+07
79 0.6540000E+04 0.6774436E+00 0.2919411E+07
80 0.5050000E+04 0.5216213E+00 0.2950673E+07
81 0.1865000E+04 0.2062623E+00 0.3403403E+07
82 0.2875000E+04 0.2654766E+00 0.2961861E+07
83 0.4815000E+05 0.3585731E+01 0.1481462E+07
84 0.2540000E+04 0.2946732E+00 0.3264376E+07
85 0.1635000E+04 0.1744434E+00 0.3311956E+07
86 0.5360000E+04 0.5667141E+00 0.3096970E+07
87 0.3670000E+04 0.4235402E+00 0.3407215E+07
88 0.3973000E+05 0.3062174E+01 0.1734380E+07
89 0.2870000E+04 0.3378123E+00 0.3423599E+07
90 0.1745000E+04 0.2087410E+00 0.3550544E+07
91 0.6340000E+04 0.6504874E+00 0.2964999E+07
92 0.3850000E+04 0.4280615E+00 0.3295302E+07
93 0.4177000E+05 0.3191766E+01 0.1678663E+07
94 0.2910000E+04 0.3439526E+00 0.3415658E+07
95 0.1880000E+04 0.2270427E+00 0.3523635E+07
96 0.9270000E+04 0.8697935E+00 0.2509571E+07
97 0.1915000E+05 0.1175986E+01 0.1429455E+07
98 0.2340000E+04 0.2575027E+00 0.3150085E+07
99 0.7305000E+04 0.5937594E+00 0.2432407E+07
100 0.3792500E+05 0.2937674E+01 0.1792773E+07
101 0.3100000E+04 0.3358836E+00 0.3039866E+07
102 0.2290000E+04 0.2833089E+00 0.3432684E+07
103 0.5545000E+04 0.5122878E+00 0.2810388E+07
104 0.3025000E+05 0.2344441E+01 0.1903687E+07
