1 0.3220000E+04 0.4304859E+00 0.3660387E+07
2 0.3505000E+04 0.4551657E+00 0.3621661E+07
3 0.2460000E+04 0.2439459E+00 0.3381027E+07
4 0.1612000E+05 0.2926297E+01 0.4620247E+07
5 0.2330000E+04 0.2964512E+00 0.3639393E+07
6 0.1725000E+04 0.2381241E+00 0.4061942E+07
7 0.6455000E+04 0.6141953E+00 0.2602057E+07
8 0.2840000E+04 0.4147195E+00 0.4080552E+07
9 0.4110000E+04 0.3369797E+00 0.2798668E+07
10 0.1777500E+05 0.3675675E+01 0.5098954E+07
11 0.2250000E+04 0.2707170E+00 0.3539779E+07
12 0.3475000E+04 0.4441702E+00 0.3769844E+07
13 0.2140000E+04 0.2775128E+00 0.3864522E+07
14 0.2330000E+04 0.2388163E+00 0.3327176E+07
15 0.4065000E+04 0.5362223E+00 0.3497162E+07
16 0.1385000E+05 0.1685618E+01 0.3936487E+07
17 0.2205000E+04 0.2769597E+00 0.3653524E+07
18 0.1820000E+04 0.2267836E+00 0.3756047E+07
19 0.1493000E+05 0.2014660E+01 0.4122179E+07
20 0.1825000E+04 0.2381622E+00 0.3695692E+07
21 0.1580000E+04 0.1984106E+00 0.3726721E+07
22 0.1813500E+05 0.3723896E+01 0.5087968E+07
23 0.2035000E+04 0.2485392E+00 0.3620444E+07
24 0.1585000E+04 0.2041289E+00 0.3954241E+07
25 0.3295000E+04 0.4148669E+00 0.3585768E+07
26 0.2790000E+04 0.4054594E+00 0.3967319E+07
27 0.5420000E+04 0.6201704E+00 0.3319854E+07
28 0.5290000E+04 0.5685053E+00 0.3008451E+07
29 0.1485000E+04 0.1754426E+00 0.3893150E+07
30 0.2065000E+04 0.2334560E+00 0.3616951E+07
31 0.1886000E+05 0.4109184E+01 0.5443948E+07
32 0.2045000E+04 0.2554145E+00 0.3616757E+07
33 0.1625000E+04 0.1976464E+00 0.3516313E+07
34 0.3660000E+04 0.4953963E+00 0.3642795E+07
35 0.2945000E+04 0.4421761E+00 0.3931079E+07
36 0.1885000E+04 0.1946815E+00 0.3388074E+07
37 0.2275000E+04 0.2252931E+00 0.3349464E+07
38 0.1635500E+05 0.2806700E+01 0.4482041E+07
39 0.2020000E+04 0.2352140E+00 0.3609497E+07
40 0.1805000E+04 0.2410301E+00 0.3738873E+07
41 0.5365000E+04 0.6145766E+00 0.3064300E+07
42 0.1479000E+05 0.2054323E+01 0.3769918E+07
43 0.5355000E+04 0.5087863E+00 0.2777584E+07
44 0.1240000E+04 0.1453675E+00 0.3895738E+07
45 0.1920000E+04 0.1956122E+00 0.3313130E+07
46 0.5890000E+04 0.4888073E+00 0.2604086E+07
47 0.1520000E+05 0.2447981E+01 0.4598186E+07
48 0.2335000E+04 0.2742575E+00 0.3494220E+07
49 0.2035000E+04 0.2523085E+00 0.3743868E+07
50 0.4320000E+04 0.4886626E+00 0.3166577E+07
51 0.4375000E+04 0.5317738E+00 0.3156414E+07
52 0.3135000E+04 0.2677684E+00 0.2947602E+07
53 0.2025000E+04 0.2342349E+00 0.3695508E+07
54 0.1887500E+05 0.4054229E+01 0.5292019E+07
55 0.1625000E+04 0.1904088E+00 0.3690548E+07
56 0.1585000E+04 0.1907547E+00 0.3546148E+07
57 0.2825000E+04 0.4065005E+00 0.3839253E+07
58 0.3040000E+04 0.4499009E+00 0.3713151E+07
59 0.4255000E+04 0.5242157E+00 0.3677586E+07
60 0.4770000E+04 0.5136079E+00 0.3189370E+07
61 0.1630000E+04 0.1772299E+00 0.3714741E+07
62 0.2935000E+04 0.2336397E+00 0.2833328E+07
63 0.1888500E+05 0.4069565E+01 0.5386278E+07
64 0.1850000E+04 0.2284860E+00 0.3425909E+07
65 0.1630000E+04 0.1965857E+00 0.3510390E+07
66 0.3075000E+04 0.4321858E+00 0.3902727E+07
67 0.2760000E+04 0.3932005E+00 0.3898439E+07
68 0.2460000E+04 0.2488902E+00 0.3413520E+07
69 0.4660000E+04 0.5867039E+00 0.3557964E+07
70 0.1248000E+05 0.6204261E+00 0.2068719E+07
71 0.1583000E+05 0.2466254E+01 0.4319198E+07
72 0.2310000E+04 0.3028104E+00 0.3665033E+07
73 0.1570000E+04 0.1716029E+00 0.3577376E+07
74 0.6600000E+04 0.6393306E+00 0.3186776E+07
75 0.3785000E+04 0.3497209E+00 0.3271832E+07
76 0.2180000E+04 0.2542638E+00 0.3652422E+07
77 0.1822000E+05 0.3918508E+01 0.5427000E+07
78 0.1705000E+04 0.1966887E+00 0.3546243E+07
79 0.1760000E+04 0.2293808E+00 0.3642081E+07
80 0.3065000E+04 0.4480205E+00 0.3777287E+07
81 0.3170000E+04 0.4635899E+00 0.3933972E+07
82 0.4835000E+04 0.6002440E+00 0.3611945E+07
83 0.1285000E+04 0.1453678E+00 0.3857458E+07
84 0.1659000E+05 0.2877897E+01 0.4597750E+07
85 0.1965000E+04 0.2582005E+00 0.3989186E+07
86 0.1975000E+04 0.2558607E+00 0.3674813E+07
87 0.3425000E+04 0.4137619E+00 0.3395568E+07
88 0.4735000E+04 0.4926557E+00 0.3071902E+07
89 0.1755000E+05 0.3589399E+01 0.5139632E+07
90 0.1895000E+04 0.2326106E+00 0.3679545E+07
91 0.1755000E+04 0.2327860E+00 0.3780098E+07
92 0.3480000E+04 0.4743484E+00 0.3620492E+07
93 0.3220000E+04 0.4691782E+00 0.3901058E+07
94 0.2440000E+04 0.2489127E+00 0.3444913E+07
95 0.1910000E+04 0.1989273E+00 0.3459722E+07
96 0.1627500E+05 0.2847805E+01 0.4622466E+07
97 0.1750000E+04 0.2190380E+00 0.3805510E+07
98 0.1815000E+04 0.2364318E+00 0.4055368E+07
99 0.3460000E+04 0.4361747E+00 0.3366625E+07
100 0.3410000E+04 0.4073140E+00 0.3251685E+07
101 0.2355000E+04 0.2348289E+00 0.3334662E+07
102 0.1881500E+05 0.4021170E+01 0.5134079E+07
103 0.2250000E+04 0.3007494E+00 0.3537537E+07
104 0.1695000E+04 0.2286739E+00 0.3871108E+07
105 0.3535000E+04 0.4663084E+00 0.3804364E+07
106 0.3155000E+04 0.4723103E+00 0.3904031E+07
107 0.5610000E+04 0.5878471E+00 0.3143550E+07
108 0.1554500E+05 0.2603452E+01 0.4436442E+07
109 0.2320000E+04 0.2700171E+00 0.3493698E+07
110 0.5685000E+04 0.6178766E+00 0.2876004E+07
111 0.1825000E+04 0.2423993E+00 0.3943792E+07
112 0.4890000E+04 0.3194150E+00 0.2466859E+07
113 0.1461500E+05 0.2343882E+01 0.4390388E+07
114 0.3265000E+04 0.3520707E+00 0.3165796E+07
115 0.1950000E+04 0.2565252E+00 0.3697381E+07
116 0.4260000E+04 0.3379461E+00 0.3028676E+07
117 0.8340000E+04 0.1056653E+01 0.3374436E+07
118 0.8955000E+04 0.1068652E+01 0.2750771E+07
119 0.1880000E+04 0.1998128E+00 0.3317057E+07
120 0.2325000E+04 0.2684042E+00 0.3559629E+07
121 0.1723500E+05 0.3232713E+01 0.4867446E+07
122 0.1880000E+04 0.2502774E+00 0.3724769E+07
123 0.1895000E+04 0.2545952E+00 0.3652835E+07
124 0.3705000E+04 0.5308445E+00 0.3642168E+07
125 0.7215000E+04 0.5998031E+00 0.2567628E+07
126 0.9950000E+03 0.8806360E-01 0.3176341E+07
127 0.2200000E+04 0.2238045E+00 0.3368988E+07
128 0.1710500E+05 0.3430277E+01 0.5213506E+07
129 0.2395000E+04 0.3350973E+00 0.3735302E+07
130 0.1495000E+04 0.1628273E+00 0.3517195E+07
131 0.3555000E+04 0.4514134E+00 0.3746244E+07
132 0.3045000E+04 0.4438366E+00 0.3639886E+07
133 0.6455000E+04 0.6171624E+00 0.2737587E+07
134 0.1322000E+05 0.1383421E+01 0.3039932E+07
135 0.2610000E+04 0.2819501E+00 0.3387889E+07
136 0.2270000E+04 0.2888404E+00 0.3837569E+07
137 0.1755500E+05 0.3433644E+01 0.4937221E+07
138 0.2085000E+04 0.2736897E+00 0.3799071E+07
139 0.1500000E+04 0.1558703E+00 0.3471390E+07
140 0.4190000E+04 0.5284680E+00 0.3221576E+07
141 0.2905000E+04 0.4100550E+00 0.3698003E+07
142 0.3565000E+04 0.2866506E+00 0.2870573E+07
143 0.1639500E+05 0.3083372E+01 0.4771203E+07
144 0.1860000E+04 0.2182774E+00 0.3650497E+07
145 0.1550000E+04 0.1950516E+00 0.3692362E+07
146 0.4885000E+04 0.5362879E+00 0.3014343E+07
147 0.2695000E+04 0.3934375E+00 0.3974892E+07
148 0.2060000E+04 0.2369948E+00 0.3624601E+07
149 0.4370000E+04 0.5358257E+00 0.3526114E+07
150 0.1683500E+05 0.3260379E+01 0.5229093E+07
