1 0.3805000E+04 0.4578589E+00 0.3297239E+07
2 0.3985000E+04 0.5147305E+00 0.3336482E+07
3 0.1912500E+05 0.2720186E+01 0.3305073E+07
4 0.2855000E+04 0.2790762E+00 0.2969591E+07
5 0.1875000E+04 0.2426682E+00 0.3744123E+07
6 0.8200000E+04 0.1003697E+01 0.2881939E+07
7 0.2480000E+04 0.2913965E+00 0.3427447E+07
8 0.1416500E+05 0.1188941E+01 0.2817164E+07
9 0.7840000E+04 0.4710559E+00 0.1982502E+07
10 0.7550000E+03 0.6450670E-01 0.3140146E+07
11 0.1520000E+04 0.1884451E+00 0.3897343E+07
12 0.4875000E+04 0.3570138E+00 0.2475445E+07
13 0.2394500E+05 0.3835331E+01 0.3628627E+07
14 0.1885000E+04 0.2072922E+00 0.3193600E+07
15 0.3460000E+04 0.4512294E+00 0.3536181E+07
16 0.1940000E+04 0.2569571E+00 0.3748063E+07
17 0.2380000E+04 0.2457410E+00 0.3368973E+07
18 0.4410000E+04 0.5735773E+00 0.3154205E+07
19 0.1552500E+05 0.1792504E+01 0.3505824E+07
20 0.2415000E+04 0.2480034E+00 0.3125257E+07
21 0.1960000E+04 0.2469564E+00 0.3729085E+07
22 0.1009000E+05 0.1008658E+01 0.2344352E+07
23 0.6840000E+04 0.8183470E+00 0.2755659E+07
24 0.3080000E+04 0.3419257E+00 0.3275476E+07
25 0.2365000E+04 0.2663593E+00 0.3451233E+07
26 0.2039500E+05 0.3112051E+01 0.3752022E+07
27 0.1850000E+04 0.2096051E+00 0.3225679E+07
28 0.1650000E+04 0.1763706E+00 0.3397233E+07
29 0.3595000E+04 0.4742843E+00 0.3511355E+07
30 0.3715000E+04 0.4869584E+00 0.3348384E+07
31 0.1805000E+04 0.1856455E+00 0.3379945E+07
32 0.2280000E+04 0.2351284E+00 0.3404708E+07
33 0.2247000E+05 0.3441109E+01 0.3614119E+07
34 0.2630000E+04 0.3489524E+00 0.3381726E+07
35 0.1595000E+04 0.1832488E+00 0.3365147E+07
36 0.4690000E+04 0.5319674E+00 0.3126532E+07
37 0.3535000E+04 0.4926978E+00 0.3557554E+07
38 0.1965000E+04 0.1974708E+00 0.3316546E+07
39 0.1975000E+04 0.2172018E+00 0.3495006E+07
40 0.2548000E+05 0.4141626E+01 0.3744430E+07
41 0.1535000E+04 0.1387030E+00 0.2952195E+07
42 0.1975000E+04 0.2580264E+00 0.3840690E+07
43 0.3545000E+04 0.4882256E+00 0.3536112E+07
44 0.3450000E+04 0.4572542E+00 0.3720356E+07
45 0.1785000E+04 0.2024238E+00 0.3627324E+07
46 0.5250000E+04 0.5189935E+00 0.2945959E+07
47 0.1942000E+05 0.2702754E+01 0.3630386E+07
48 0.2135000E+04 0.2660498E+00 0.3392322E+07
49 0.2195000E+04 0.2829714E+00 0.3499293E+07
50 0.4555000E+04 0.5436104E+00 0.3080862E+07
51 0.4335000E+04 0.5346702E+00 0.3292426E+07
52 0.1962500E+05 0.2864746E+01 0.3470007E+07
53 0.2095000E+04 0.2352512E+00 0.3338161E+07
54 0.2060000E+04 0.2538699E+00 0.3614282E+07
55 0.4210000E+04 0.5029735E+00 0.3232257E+07
56 0.5065000E+04 0.6002009E+00 0.2865428E+07
57 0.1133500E+05 0.1041929E+01 0.2569848E+07
58 0.5990000E+04 0.4813305E+00 0.2352357E+07
59 0.1910000E+04 0.2093262E+00 0.3478524E+07
60 0.5570000E+04 0.4612232E+00 0.2592902E+07
61 0.1759500E+05 0.2305942E+01 0.3421163E+07
62 0.2360000E+04 0.2677777E+00 0.3366705E+07
63 0.2725000E+04 0.2918459E+00 0.3169659E+07
64 0.7260000E+04 0.9504400E+00 0.3261530E+07
65 0.9840000E+04 0.1082984E+01 0.2946269E+07
66 0.2455000E+04 0.2567106E+00 0.3220958E+07
67 0.2330000E+04 0.2549633E+00 0.3291851E+07
68 0.2028000E+05 0.2831847E+01 0.3372469E+07
69 0.1915000E+04 0.2290066E+00 0.3542953E+07
70 0.1785000E+04 0.2214385E+00 0.3552180E+07
71 0.3205000E+04 0.3989984E+00 0.3572894E+07
72 0.4515000E+04 0.4673546E+00 0.2945671E+07
73 0.2099500E+05 0.3268363E+01 0.3727753E+07
74 0.1895000E+04 0.2136695E+00 0.3308197E+07
75 0.1995000E+04 0.2522572E+00 0.3691480E+07
76 0.3950000E+04 0.5129230E+00 0.3397081E+07
77 0.2085000E+04 0.2316093E+00 0.3518349E+07
78 0.4615000E+04 0.5881686E+00 0.3159641E+07
79 0.2211000E+05 0.3388512E+01 0.3676269E+07
80 0.1795000E+04 0.2112761E+00 0.3515341E+07
81 0.1605000E+04 0.1740761E+00 0.3460901E+07
82 0.3300000E+04 0.4445624E+00 0.3713566E+07
83 0.3670000E+04 0.4741415E+00 0.3269255E+07
84 0.7070000E+04 0.6803842E+00 0.2480743E+07
85 0.1700000E+04 0.1994749E+00 0.3721883E+07
86 0.1775000E+04 0.2011638E+00 0.3531478E+07
87 0.2296000E+05 0.3638587E+01 0.3806376E+07
88 0.1930000E+04 0.2333806E+00 0.3303648E+07
89 0.1700000E+04 0.2029119E+00 0.3607224E+07
90 0.3430000E+04 0.4592610E+00 0.3688386E+07
91 0.3485000E+04 0.4618473E+00 0.3481347E+07
92 0.2725000E+04 0.2573057E+00 0.3204070E+07
93 0.1815000E+04 0.1840104E+00 0.3308843E+07
94 0.1971000E+05 0.2636237E+01 0.3112216E+07
95 0.2955000E+04 0.3089924E+00 0.3064576E+07
96 0.6620000E+04 0.7105365E+00 0.2734446E+07
97 0.1665000E+04 0.2253395E+00 0.3671603E+07
98 0.1845000E+04 0.2037131E+00 0.3438175E+07
99 0.3740000E+04 0.4700341E+00 0.3237141E+07
100 0.2406000E+05 0.3944970E+01 0.3851812E+07
101 0.1640000E+04 0.1614367E+00 0.3083088E+07
102 0.1680000E+04 0.2032470E+00 0.3428021E+07
103 0.3420000E+04 0.4616552E+00 0.3433064E+07
104 0.3220000E+04 0.4540315E+00 0.3779964E+07
105 0.2540000E+04 0.2413674E+00 0.3219482E+07
106 0.1780000E+05 0.2001146E+01 0.2865245E+07
107 0.3955000E+04 0.4077171E+00 0.2990488E+07
108 0.2055000E+04 0.2340348E+00 0.3515648E+07
109 0.2580000E+04 0.2497957E+00 0.3192725E+07
110 0.2166500E+05 0.3385133E+01 0.3712597E+07
111 0.2050000E+04 0.2275355E+00 0.3257601E+07
112 0.1720000E+04 0.2160656E+00 0.3621814E+07
113 0.4990000E+04 0.6129160E+00 0.2949688E+07
114 0.3490000E+04 0.4895106E+00 0.3721597E+07
115 0.1755000E+04 0.2033474E+00 0.3608464E+07
116 0.5700000E+04 0.5724902E+00 0.2840625E+07
117 0.2081500E+05 0.3137141E+01 0.3790321E+07
118 0.1980000E+04 0.2332549E+00 0.3388466E+07
119 0.2195000E+04 0.2625238E+00 0.3417578E+07
120 0.3415000E+04 0.4363734E+00 0.3592331E+07
121 0.4045000E+04 0.5116668E+00 0.3493717E+07
122 0.5115000E+04 0.5207614E+00 0.3039087E+07
123 0.1685000E+04 0.1863906E+00 0.3612229E+07
124 0.2315000E+05 0.3629942E+01 0.3511455E+07
125 0.1930000E+04 0.2136276E+00 0.3238693E+07
126 0.3670000E+04 0.4673737E+00 0.3429396E+07
127 0.1405000E+04 0.1430682E+00 0.3297525E+07
128 0.5100000E+04 0.4680359E+00 0.2901006E+07
129 0.3175000E+04 0.4607580E+00 0.3614479E+07
130 0.1947000E+05 0.2857491E+01 0.3584766E+07
131 0.2280000E+04 0.2600950E+00 0.3236952E+07
132 0.4055000E+04 0.5079183E+00 0.3495764E+07
133 0.2030000E+04 0.2672906E+00 0.3578323E+07
134 0.6045000E+04 0.5117438E+00 0.2628016E+07
135 0.4490000E+04 0.4894646E+00 0.2859359E+07
136 0.2244000E+05 0.3564126E+01 0.3622962E+07
137 0.1990000E+04 0.2194517E+00 0.3124180E+07
138 0.3780000E+04 0.4896714E+00 0.3492538E+07
139 0.1900000E+04 0.2445337E+00 0.3665694E+07
140 0.1785000E+04 0.1828606E+00 0.3373685E+07
141 0.3450000E+04 0.4624618E+00 0.3678416E+07
142 0.1908000E+05 0.2563677E+01 0.3389440E+07
143 0.1825000E+04 0.2290121E+00 0.3464935E+07
144 0.1640000E+04 0.1904519E+00 0.3385297E+07
145 0.6500000E+04 0.5816813E+00 0.2564343E+07
146 0.1451500E+05 0.1209168E+01 0.2380108E+07
147 0.4170000E+04 0.3341619E+00 0.2631063E+07
148 0.1800000E+04 0.2153578E+00 0.3599071E+07
149 0.2298500E+05 0.3654214E+01 0.3700306E+07
150 0.2185000E+04 0.2570773E+00 0.3392486E+07
