1 0.5360000E+04 0.5158527E+00 0.2878438E+07
2 0.6160000E+04 0.5631191E+00 0.2734302E+07
3 0.5999500E+05 0.3792314E+01 0.1278828E+07
4 0.1750000E+04 0.1940926E+00 0.3533461E+07
5 0.1810000E+04 0.2072985E+00 0.3709815E+07
6 0.7195000E+04 0.6388689E+00 0.2631373E+07
7 0.5920000E+04 0.5296197E+00 0.2706445E+07
8 0.5999500E+05 0.3846520E+01 0.1301249E+07
9 0.1760000E+04 0.1958120E+00 0.3581174E+07
10 0.1610000E+04 0.1667301E+00 0.3382609E+07
11 0.6830000E+04 0.6176121E+00 0.2701189E+07
12 0.5880000E+04 0.5297391E+00 0.2719078E+07
13 0.5999500E+05 0.3807528E+01 0.1284426E+07
14 0.1780000E+04 0.1969397E+00 0.3540809E+07
15 0.1575000E+04 0.1599501E+00 0.3392080E+07
16 0.6870000E+04 0.6157410E+00 0.2660766E+07
17 0.5855000E+04 0.5292167E+00 0.2724214E+07
18 0.5999500E+05 0.3802654E+01 0.1282085E+07
19 0.1780000E+04 0.1977397E+00 0.3585195E+07
20 0.1575000E+04 0.1600427E+00 0.3326108E+07
21 0.6840000E+04 0.6144987E+00 0.2675947E+07
22 0.5825000E+04 0.5277198E+00 0.2738356E+07
23 0.5999500E+05 0.3814181E+01 0.1287451E+07
24 0.1790000E+04 0.1974680E+00 0.3526975E+07
25 0.1570000E+04 0.1604093E+00 0.3339449E+07
26 0.6820000E+04 0.6140649E+00 0.2692164E+07
27 0.5810000E+04 0.5261888E+00 0.2731253E+07
28 0.5999500E+05 0.3806752E+01 0.1284078E+07
29 0.1785000E+04 0.1975105E+00 0.3555888E+07
30 0.1570000E+04 0.1602110E+00 0.3390057E+07
31 0.6850000E+04 0.6149602E+00 0.2673235E+07
32 0.5830000E+04 0.5278728E+00 0.2735688E+07
33 0.5999500E+05 0.3814077E+01 0.1287395E+07
34 0.1790000E+04 0.1974931E+00 0.3528874E+07
35 0.1570000E+04 0.1604489E+00 0.3337436E+07
36 0.6820000E+04 0.6136909E+00 0.2686810E+07
37 0.5805000E+04 0.5263356E+00 0.2738200E+07
38 0.5999500E+05 0.3808680E+01 0.1284935E+07
39 0.1785000E+04 0.1976120E+00 0.3561042E+07
40 0.1570000E+04 0.1602002E+00 0.3385525E+07
41 0.6850000E+04 0.6146254E+00 0.2668291E+07
42 0.5825000E+04 0.5278832E+00 0.2739649E+07
43 0.5999500E+05 0.3814958E+01 0.1287798E+07
44 0.1790000E+04 0.1975391E+00 0.3531292E+07
45 0.1570000E+04 0.1604767E+00 0.3337625E+07
46 0.6820000E+04 0.6135692E+00 0.2684720E+07
47 0.5805000E+04 0.5261904E+00 0.2735537E+07
48 0.5999500E+05 0.3809602E+01 0.1285371E+07
49 0.1790000E+04 0.1971520E+00 0.3508250E+07
50 0.1570000E+04 0.1602073E+00 0.3383535E+07
51 0.6850000E+04 0.6144413E+00 0.2665249E+07
52 0.5825000E+04 0.5276950E+00 0.2736407E+07
53 0.5999500E+05 0.3814762E+01 0.1287712E+07
54 0.1790000E+04 0.1975264E+00 0.3529916E+07
55 0.1570000E+04 0.1604649E+00 0.3338417E+07
56 0.6820000E+04 0.6136930E+00 0.2686714E+07
57 0.5805000E+04 0.5262927E+00 0.2737571E+07
58 0.5999500E+05 0.3808827E+01 0.1285024E+07
59 0.1790000E+04 0.1971073E+00 0.3505431E+07
60 0.1570000E+04 0.1602132E+00 0.3384766E+07
61 0.6850000E+04 0.6145683E+00 0.2667489E+07
62 0.5825000E+04 0.5278263E+00 0.2738864E+07
63 0.5999500E+05 0.3814877E+01 0.1287772E+07
64 0.1790000E+04 0.1975391E+00 0.3530565E+07
65 0.1570000E+04 0.1604837E+00 0.3338147E+07
66 0.6820000E+04 0.6135907E+00 0.2685351E+07
67 0.5805000E+04 0.5262084E+00 0.2735923E+07
68 0.5999500E+05 0.3809446E+01 0.1285307E+07
69 0.1790000E+04 0.1971510E+00 0.3508336E+07
70 0.1570000E+04 0.1602091E+00 0.3383221E+07
71 0.6850000E+04 0.6144439E+00 0.2665355E+07
72 0.5825000E+04 0.5277008E+00 0.2736882E+07
73 0.5999500E+05 0.3814396E+01 0.1287659E+07
74 0.1790000E+04 0.1975352E+00 0.3530276E+07
75 0.1570000E+04 0.1604833E+00 0.3338559E+07
76 0.6820000E+04 0.6136910E+00 0.2687017E+07
77 0.5805000E+04 0.5262932E+00 0.2737661E+07
78 0.5999500E+05 0.3808535E+01 0.1285020E+07
79 0.1790000E+04 0.1971229E+00 0.3506917E+07
80 0.1570000E+04 0.1602268E+00 0.3386156E+07
81 0.6850000E+04 0.6145538E+00 0.2667339E+07
82 0.5825000E+04 0.5278140E+00 0.2738754E+07
83 0.5999500E+05 0.3814530E+01 0.1287716E+07
84 0.1790000E+04 0.1975453E+00 0.3530876E+07
85 0.1570000E+04 0.1604897E+00 0.3338567E+07
86 0.6820000E+04 0.6135965E+00 0.2685516E+07
87 0.5805000E+04 0.5262167E+00 0.2736137E+07
88 0.5999500E+05 0.3809091E+01 0.1285273E+07
89 0.1790000E+04 0.1971467E+00 0.3508593E+07
90 0.1570000E+04 0.1602196E+00 0.3384596E+07
91 0.6850000E+04 0.6144490E+00 0.2665752E+07
92 0.5825000E+04 0.5277064E+00 0.2737048E+07
93 0.5999500E+05 0.3814362E+01 0.1287670E+07
94 0.1790000E+04 0.1975389E+00 0.3530560E+07
95 0.1570000E+04 0.1604851E+00 0.3339002E+07
96 0.6820000E+04 0.6136858E+00 0.2687010E+07
97 0.5805000E+04 0.5262931E+00 0.2737724E+07
98 0.5999500E+05 0.3808544E+01 0.1285027E+07
99 0.1790000E+04 0.1971300E+00 0.3507354E+07
100 0.1570000E+04 0.1602259E+00 0.3385432E+07
101 0.6850000E+04 0.6145399E+00 0.2667165E+07
102 0.5825000E+04 0.5277999E+00 0.2738605E+07
103 0.5999500E+05 0.3814461E+01 0.1287692E+07
104 0.1790000E+04 0.1975444E+00 0.3531095E+07
105 0.1570000E+04 0.1604879E+00 0.3337925E+07
106 0.6820000E+04 0.6135999E+00 0.2685612E+07
107 0.5805000E+04 0.5262217E+00 0.2736287E+07
108 0.5999500E+05 0.3809018E+01 0.1285252E+07
109 0.1790000E+04 0.1971512E+00 0.3508929E+07
110 0.1570000E+04 0.1602260E+00 0.3384867E+07
111 0.6850000E+04 0.6144465E+00 0.2665529E+07
112 0.5825000E+04 0.5277091E+00 0.2737159E+07
113 0.5999500E+05 0.3814313E+01 0.1287649E+07
114 0.1790000E+04 0.1975413E+00 0.3530782E+07
115 0.1570000E+04 0.1604932E+00 0.3339388E+07
116 0.6820000E+04 0.6136772E+00 0.2686683E+07
117 0.5805000E+04 0.5262876E+00 0.2737726E+07
118 0.5999500E+05 0.3808554E+01 0.1285005E+07
119 0.1790000E+04 0.1971287E+00 0.3506716E+07
120 0.1570000E+04 0.1602376E+00 0.3385568E+07
121 0.6850000E+04 0.6145279E+00 0.2667034E+07
122 0.5825000E+04 0.5277907E+00 0.2738507E+07
123 0.5999500E+05 0.3814420E+01 0.1287699E+07
124 0.1790000E+04 0.1975487E+00 0.3531264E+07
125 0.1570000E+04 0.1605002E+00 0.3338130E+07
126 0.6820000E+04 0.6136041E+00 0.2685695E+07
127 0.5805000E+04 0.5262274E+00 0.2736737E+07
128 0.5999500E+05 0.3809008E+01 0.1285237E+07
129 0.1790000E+04 0.1971554E+00 0.3509145E+07
130 0.1570000E+04 0.1602357E+00 0.3385131E+07
131 0.6850000E+04 0.6144443E+00 0.2665511E+07
132 0.5825000E+04 0.5277053E+00 0.2737168E+07
133 0.5999500E+05 0.3814249E+01 0.1287626E+07
134 0.1790000E+04 0.1975454E+00 0.3530963E+07
135 0.1570000E+04 0.1605040E+00 0.3339566E+07
136 0.6820000E+04 0.6136817E+00 0.2687046E+07
137 0.5805000E+04 0.5262895E+00 0.2737548E+07
138 0.5999500E+05 0.3808508E+01 0.1285019E+07
139 0.1790000E+04 0.1971349E+00 0.3507994E+07
140 0.1570000E+04 0.1602431E+00 0.3385775E+07
141 0.6850000E+04 0.6145276E+00 0.2667081E+07
142 0.5825000E+04 0.5277917E+00 0.2738579E+07
143 0.5999500E+05 0.3814366E+01 0.1287650E+07
144 0.1790000E+04 0.1975587E+00 0.3532595E+07
145 0.1570000E+04 0.1605036E+00 0.3338339E+07
146 0.6820000E+04 0.6136118E+00 0.2685839E+07
147 0.5805000E+04 0.5262352E+00 0.2736935E+07
148 0.5999500E+05 0.3808952E+01 0.1285211E+07
149 0.1790000E+04 0.1971572E+00 0.3509308E+07
150 0.1570000E+04 0.1602392E+00 0.3385534E+07
