1 0.3470000E+04 0.4315435E+00 0.3736060E+07
2 0.3600000E+04 0.4732249E+00 0.3746749E+07
3 0.1476000E+05 0.2953666E+01 0.5364679E+07
4 0.1935000E+04 0.2321013E+00 0.3765029E+07
5 0.3375000E+04 0.4742103E+00 0.3681267E+07
6 0.1540000E+04 0.2055361E+00 0.4036221E+07
7 0.7595000E+04 0.9841970E+00 0.3532136E+07
8 0.3825000E+04 0.5358435E+00 0.3774789E+07
9 0.1845000E+04 0.2063737E+00 0.3577179E+07
10 0.1835000E+04 0.2141091E+00 0.3729888E+07
11 0.1676000E+05 0.3919874E+01 0.5775938E+07
12 0.1725000E+04 0.2323913E+00 0.3864732E+07
13 0.1825000E+04 0.2314735E+00 0.3919644E+07
14 0.3310000E+04 0.5080563E+00 0.3811448E+07
15 0.4660000E+04 0.5721001E+00 0.3427058E+07
16 0.2685000E+04 0.2650026E+00 0.3394541E+07
17 0.2235000E+04 0.2300352E+00 0.3528010E+07
18 0.1686500E+05 0.4280489E+01 0.6448098E+07
19 0.2205000E+04 0.3139669E+00 0.3992386E+07
20 0.1430000E+04 0.1693769E+00 0.3723843E+07
21 0.3105000E+04 0.3877584E+00 0.3744719E+07
22 0.2675000E+04 0.4167340E+00 0.4302854E+07
23 0.5075000E+04 0.6171847E+00 0.3519822E+07
24 0.1740000E+04 0.1942655E+00 0.3827175E+07
25 0.1603000E+05 0.3353671E+01 0.5412847E+07
26 0.1710000E+04 0.2235321E+00 0.3819733E+07
27 0.1535000E+04 0.2010762E+00 0.3825716E+07
28 0.4015000E+04 0.5582299E+00 0.3700712E+07
29 0.7120000E+04 0.7677644E+00 0.3110751E+07
30 0.2720000E+04 0.2957728E+00 0.3466501E+07
31 0.2485000E+04 0.2385581E+00 0.3312953E+07
32 0.1587000E+05 0.3777255E+01 0.5926240E+07
33 0.1960000E+04 0.2369307E+00 0.3408964E+07
34 0.4440000E+04 0.5910482E+00 0.3324417E+07
35 0.1810000E+04 0.2664298E+00 0.4498893E+07
36 0.1870000E+04 0.2062840E+00 0.3518033E+07
37 0.3190000E+04 0.5029608E+00 0.3930261E+07
38 0.1448000E+05 0.2614245E+01 0.5411919E+07
39 0.2495000E+04 0.3094853E+00 0.3668801E+07
40 0.1720000E+04 0.2375692E+00 0.3925185E+07
41 0.5540000E+04 0.6108206E+00 0.2934390E+07
42 0.3650000E+04 0.4694505E+00 0.3571906E+07
43 0.1935000E+04 0.2249538E+00 0.3767698E+07
44 0.1669000E+05 0.4193295E+01 0.6242165E+07
45 0.1960000E+04 0.2510378E+00 0.3797830E+07
46 0.1530000E+04 0.1927145E+00 0.4086380E+07
47 0.3370000E+04 0.4839009E+00 0.3709807E+07
48 0.2820000E+04 0.4307214E+00 0.4035644E+07
49 0.4570000E+04 0.4498459E+00 0.3267069E+07
50 0.4105000E+04 0.4676668E+00 0.3522062E+07
51 0.3870000E+04 0.3520136E+00 0.2988490E+07
52 0.1546000E+05 0.3537157E+01 0.5875694E+07
53 0.2210000E+04 0.2659228E+00 0.3588656E+07
54 0.1525000E+04 0.1990643E+00 0.4115454E+07
55 0.3695000E+04 0.5043075E+00 0.3726280E+07
56 0.2565000E+04 0.3998916E+00 0.4099934E+07
57 0.6035000E+04 0.6077731E+00 0.3099777E+07
58 0.4070000E+04 0.5433776E+00 0.3793335E+07
59 0.3575000E+04 0.2667633E+00 0.2735811E+07
60 0.1627000E+05 0.4082262E+01 0.6528648E+07
61 0.1905000E+04 0.2423290E+00 0.3834038E+07
62 0.1630000E+04 0.2129073E+00 0.3773913E+07
63 0.2810000E+04 0.3937801E+00 0.4070182E+07
64 0.2995000E+04 0.4480119E+00 0.3796170E+07
65 0.2580000E+04 0.2495754E+00 0.3431867E+07
66 0.1105000E+04 0.1249160E+00 0.3429542E+07
67 0.4150000E+04 0.4355944E+00 0.3389501E+07
68 0.5170000E+04 0.6939042E+00 0.3639005E+07
69 0.1452000E+05 0.2772425E+01 0.5269771E+07
70 0.2735000E+04 0.3409294E+00 0.3828748E+07
71 0.1975000E+04 0.2466907E+00 0.3933084E+07
72 0.3580000E+04 0.3422882E+00 0.3225861E+07
73 0.5100000E+04 0.6904028E+00 0.3353282E+07
74 0.1259000E+05 0.1167630E+01 0.3018786E+07
75 0.5010000E+04 0.3677076E+00 0.2576438E+07
76 0.3140000E+04 0.3791702E+00 0.3592052E+07
77 0.1412000E+05 0.2211502E+01 0.4241302E+07
78 0.4620000E+04 0.3924373E+00 0.2771031E+07
79 0.6775000E+04 0.4826133E+00 0.2629752E+07
80 0.1885000E+04 0.2403569E+00 0.3948008E+07
81 0.5545000E+04 0.4025297E+00 0.2523979E+07
82 0.1511000E+05 0.3255526E+01 0.5793487E+07
83 0.2330000E+04 0.2736131E+00 0.3434217E+07
84 0.1895000E+04 0.2422806E+00 0.4021296E+07
85 0.4670000E+04 0.6941409E+00 0.3739997E+07
86 0.3380000E+04 0.4269701E+00 0.3570530E+07
87 0.2315000E+04 0.2538818E+00 0.3608025E+07
88 0.5585000E+04 0.6176685E+00 0.3297079E+07
89 0.1530500E+05 0.3426040E+01 0.6129904E+07
90 0.1610000E+04 0.2022500E+00 0.3743064E+07
91 0.2065000E+04 0.2603668E+00 0.3953026E+07
92 0.3230000E+04 0.4864500E+00 0.4054191E+07
93 0.3400000E+04 0.4192612E+00 0.3596619E+07
94 0.1700000E+04 0.1734671E+00 0.3358649E+07
95 0.5185000E+04 0.5287495E+00 0.3193797E+07
96 0.1545000E+05 0.3255718E+01 0.5685634E+07
97 0.1645000E+04 0.2122941E+00 0.3759513E+07
98 0.2040000E+04 0.2909116E+00 0.3922424E+07
99 0.3905000E+04 0.5280205E+00 0.3695948E+07
100 0.3655000E+04 0.4793230E+00 0.3422766E+07
101 0.2785000E+04 0.2557589E+00 0.3233058E+07
102 0.1533000E+05 0.3423329E+01 0.5873266E+07
103 0.2250000E+04 0.2918479E+00 0.3880058E+07
104 0.1725000E+04 0.2269211E+00 0.3974762E+07
105 0.3330000E+04 0.4307983E+00 0.3895491E+07
106 0.2860000E+04 0.4231062E+00 0.4020855E+07
107 0.2915000E+04 0.2923303E+00 0.3427417E+07
108 0.3995000E+04 0.4164028E+00 0.3359109E+07
109 0.1519500E+05 0.3269222E+01 0.5891755E+07
110 0.1740000E+04 0.2339419E+00 0.3836033E+07
111 0.1830000E+04 0.2485590E+00 0.3794743E+07
112 0.2745000E+04 0.4202905E+00 0.4226215E+07
113 0.3620000E+04 0.5152936E+00 0.3619427E+07
114 0.2140000E+04 0.2286282E+00 0.3576143E+07
115 0.1905000E+04 0.2123710E+00 0.3645468E+07
116 0.1499000E+05 0.3050516E+01 0.5370285E+07
117 0.2735000E+04 0.3145194E+00 0.3538938E+07
118 0.1780000E+04 0.2467436E+00 0.3917646E+07
119 0.5595000E+04 0.6307549E+00 0.3095566E+07
120 0.2510000E+04 0.3201917E+00 0.3862311E+07
121 0.1960000E+04 0.2262439E+00 0.3684529E+07
122 0.4295000E+04 0.5205161E+00 0.3413687E+07
123 0.1602000E+05 0.3865386E+01 0.6373018E+07
124 0.1740000E+04 0.2187136E+00 0.3953405E+07
125 0.1785000E+04 0.2228747E+00 0.3701115E+07
126 0.3715000E+04 0.5597571E+00 0.4095579E+07
127 0.3845000E+04 0.5914319E+00 0.3717464E+07
128 0.2205000E+04 0.2263451E+00 0.3381053E+07
129 0.5065000E+04 0.4670754E+00 0.3131413E+07
130 0.1534500E+05 0.3258573E+01 0.5723316E+07
131 0.1545000E+04 0.1970466E+00 0.3735566E+07
132 0.1750000E+04 0.2367431E+00 0.3769729E+07
133 0.2650000E+04 0.4112671E+00 0.4091262E+07
134 0.3470000E+04 0.4893226E+00 0.3641813E+07
135 0.4145000E+04 0.4571599E+00 0.3309919E+07
136 0.3050000E+04 0.2568098E+00 0.3101346E+07
137 0.2195000E+04 0.2306886E+00 0.3260240E+07
138 0.1605500E+05 0.3968131E+01 0.6417604E+07
139 0.1895000E+04 0.2333064E+00 0.3769131E+07
140 0.2835000E+04 0.3980485E+00 0.4061776E+07
141 0.1845000E+04 0.2473629E+00 0.4123718E+07
142 0.3055000E+04 0.4439399E+00 0.3936096E+07
143 0.4045000E+04 0.4944481E+00 0.3754642E+07
144 0.2490000E+04 0.2547075E+00 0.3499755E+07
145 0.8055000E+04 0.7212623E+00 0.2469323E+07
146 0.1175500E+05 0.8452779E+00 0.2322415E+07
147 0.7100000E+03 0.7646429E-01 0.3756674E+07
148 0.2585000E+04 0.2502306E+00 0.3283266E+07
149 0.1835000E+04 0.2304837E+00 0.3795291E+07
150 0.1492500E+05 0.3012258E+01 0.5609674E+07
