1 0.3095000E+04 0.3974410E+00 0.4217979E+07
2 0.3145000E+04 0.4441383E+00 0.4423549E+07
3 0.5510000E+04 0.5630909E+00 0.3416700E+07
4 0.1213000E+05 0.1165658E+01 0.3757798E+07
5 0.3020000E+04 0.2892185E+00 0.3458902E+07
6 0.4115000E+04 0.3865231E+00 0.3125523E+07
7 0.1280500E+05 0.3280543E+01 0.7718924E+07
8 0.3065000E+04 0.3637897E+00 0.3855186E+07
9 0.1370000E+04 0.1568020E+00 0.3977823E+07
10 0.4320000E+04 0.3631053E+00 0.3207943E+07
11 0.2365000E+04 0.4074826E+00 0.5482383E+07
12 0.6790000E+04 0.6621651E+00 0.3344673E+07
13 0.3270000E+04 0.4061336E+00 0.4162778E+07
14 0.4890000E+04 0.3333477E+00 0.2522680E+07
15 0.1297500E+05 0.3998490E+01 0.9450268E+07
16 0.1975000E+04 0.2411191E+00 0.3986688E+07
17 0.1885000E+04 0.2714411E+00 0.4416107E+07
18 0.4065000E+04 0.6172644E+00 0.4191973E+07
19 0.2840000E+04 0.4249316E+00 0.4670232E+07
20 0.2045000E+04 0.2388073E+00 0.3940394E+07
21 0.2155000E+04 0.2308852E+00 0.3590878E+07
22 0.1253000E+05 0.2334930E+01 0.6543610E+07
23 0.1855000E+04 0.2271251E+00 0.4007883E+07
24 0.3045000E+04 0.3337597E+00 0.3536943E+07
25 0.3615000E+04 0.4931668E+00 0.3961083E+07
26 0.2845000E+04 0.2588862E+00 0.3299645E+07
27 0.1050000E+04 0.1353697E+00 0.4200428E+07
28 0.1925000E+04 0.1972783E+00 0.3463342E+07
29 0.1313500E+05 0.4376933E+01 0.1024641E+08
30 0.1695000E+04 0.2396596E+00 0.4498930E+07
31 0.1330000E+04 0.1221570E+00 0.3279770E+07
32 0.2140000E+04 0.3381014E+00 0.5032878E+07
33 0.2725000E+04 0.4497300E+00 0.4677461E+07
34 0.2680000E+04 0.2954926E+00 0.3857124E+07
35 0.3725000E+04 0.4559945E+00 0.4206538E+07
36 0.3700000E+04 0.4625158E+00 0.4192141E+07
37 0.1228500E+05 0.1219799E+01 0.4000540E+07
38 0.3475000E+04 0.3368866E+00 0.3373350E+07
39 0.3250000E+04 0.2705999E+00 0.3032627E+07
40 0.1317500E+05 0.4572748E+01 0.1049701E+08
41 0.1885000E+04 0.2427100E+00 0.4180174E+07
42 0.1745000E+04 0.2449054E+00 0.4670070E+07
43 0.2660000E+04 0.3792847E+00 0.4542250E+07
44 0.2805000E+04 0.4445823E+00 0.4547974E+07
45 0.3430000E+04 0.4114682E+00 0.4264036E+07
46 0.4590000E+04 0.4802075E+00 0.4031941E+07
47 0.3635000E+04 0.3886551E+00 0.3876539E+07
48 0.4360000E+04 0.3797877E+00 0.3050477E+07
49 0.7250000E+03 0.9485821E-01 0.4455051E+07
50 0.5515000E+04 0.5232313E+00 0.3373730E+07
51 0.1272500E+05 0.3393831E+01 0.8589627E+07
52 0.2030000E+04 0.2488783E+00 0.4054456E+07
53 0.1950000E+04 0.2628751E+00 0.4398907E+07
54 0.3165000E+04 0.3886868E+00 0.4025916E+07
55 0.4490000E+04 0.5546848E+00 0.3746117E+07
56 0.4825000E+04 0.7068405E+00 0.4645836E+07
57 0.2430000E+04 0.2274184E+00 0.3141510E+07
58 0.4155000E+04 0.4018601E+00 0.3314393E+07
59 0.1306500E+05 0.4274435E+01 0.1023389E+08
60 0.1560000E+04 0.2030862E+00 0.4080703E+07
61 0.1810000E+04 0.2585504E+00 0.4465109E+07
62 0.2655000E+04 0.4237625E+00 0.4494680E+07
63 0.2830000E+04 0.4403761E+00 0.4559504E+07
64 0.3755000E+04 0.4595545E+00 0.4147575E+07
65 0.2105000E+04 0.2334366E+00 0.3942965E+07
66 0.5505000E+04 0.6244960E+00 0.3815707E+07
67 0.1214000E+05 0.1223056E+01 0.3891744E+07
68 0.2360000E+04 0.2568745E+00 0.3714756E+07
69 0.1640000E+04 0.2183654E+00 0.4406556E+07
70 0.1271500E+05 0.2896499E+01 0.7442039E+07
71 0.1595000E+04 0.2295183E+00 0.4530402E+07
72 0.1620000E+04 0.2263366E+00 0.4569758E+07
73 0.3815000E+04 0.4177754E+00 0.3779620E+07
74 0.2585000E+04 0.3923315E+00 0.4602170E+07
75 0.1254000E+05 0.2792201E+01 0.7446237E+07
76 0.1890000E+04 0.2389252E+00 0.4060376E+07
77 0.1805000E+04 0.2502685E+00 0.4356167E+07
78 0.2900000E+04 0.3966562E+00 0.4310516E+07
79 0.4430000E+04 0.5043475E+00 0.3675408E+07
80 0.3685000E+04 0.3781894E+00 0.3723671E+07
81 0.2750000E+04 0.2598461E+00 0.3427582E+07
82 0.5780000E+04 0.5276860E+00 0.3115390E+07
83 0.1308000E+05 0.4283389E+01 0.1031086E+08
84 0.1905000E+04 0.2689180E+00 0.4488432E+07
85 0.1760000E+04 0.2375460E+00 0.4472676E+07
86 0.2640000E+04 0.3963904E+00 0.4859820E+07
87 0.3325000E+04 0.4711461E+00 0.4235091E+07
88 0.3490000E+04 0.3994462E+00 0.4087826E+07
89 0.5420000E+04 0.6695160E+00 0.4062375E+07
90 0.5280000E+04 0.6208083E+00 0.3958291E+07
91 0.1400000E+04 0.1698987E+00 0.4100055E+07
92 0.3765000E+04 0.3649545E+00 0.3264956E+07
93 0.1275000E+05 0.3795620E+01 0.9862028E+07
94 0.2045000E+04 0.2646725E+00 0.4257123E+07
95 0.1625000E+04 0.1932519E+00 0.3987334E+07
96 0.2925000E+04 0.3466517E+00 0.3940851E+07
97 0.2545000E+04 0.3828413E+00 0.4574068E+07
98 0.4635000E+04 0.6456602E+00 0.4416158E+07
99 0.1380000E+04 0.1374993E+00 0.3455702E+07
100 0.2610000E+04 0.2869947E+00 0.3637682E+07
101 0.6450000E+04 0.9912006E+00 0.4454232E+07
102 0.1232000E+05 0.2417680E+01 0.7291135E+07
103 0.2010000E+04 0.2461717E+00 0.4049075E+07
104 0.1835000E+04 0.2472146E+00 0.4273946E+07
105 0.3465000E+04 0.4455715E+00 0.4017962E+07
106 0.2835000E+04 0.4087498E+00 0.4466274E+07
107 0.5120000E+04 0.4873277E+00 0.3332941E+07
108 0.1263500E+05 0.2860961E+01 0.7342117E+07
109 0.1815000E+04 0.2576506E+00 0.4393159E+07
110 0.1715000E+04 0.2307454E+00 0.4474797E+07
111 0.4400000E+04 0.4703784E+00 0.3576542E+07
112 0.4040000E+04 0.5163563E+00 0.4024647E+07
113 0.2050000E+04 0.2094817E+00 0.3600225E+07
114 0.1307500E+05 0.4044507E+01 0.9838270E+07
115 0.1855000E+04 0.2630043E+00 0.4362940E+07
116 0.1955000E+04 0.3043817E+00 0.5125108E+07
117 0.3170000E+04 0.4767199E+00 0.4441159E+07
118 0.2705000E+04 0.3576572E+00 0.4286391E+07
119 0.5090000E+04 0.4798459E+00 0.3162419E+07
120 0.4610000E+04 0.6388948E+00 0.4318292E+07
121 0.1293500E+05 0.3820071E+01 0.9292134E+07
122 0.1885000E+04 0.2530440E+00 0.4139067E+07
123 0.1610000E+04 0.2050814E+00 0.4277540E+07
124 0.3510000E+04 0.5186648E+00 0.4252895E+07
125 0.2925000E+04 0.4223326E+00 0.4217889E+07
126 0.2395000E+04 0.2525861E+00 0.3700411E+07
127 0.4585000E+04 0.5920341E+00 0.4258402E+07
128 0.1265500E+05 0.2727019E+01 0.7496066E+07
129 0.1860000E+04 0.2838764E+00 0.4850843E+07
130 0.2060000E+04 0.2716835E+00 0.4282100E+07
131 0.1237500E+05 0.1574497E+01 0.4952881E+07
132 0.2865000E+04 0.3028846E+00 0.3548612E+07
133 0.6300000E+04 0.4545122E+00 0.2566695E+07
134 0.1282500E+05 0.3343760E+01 0.8082554E+07
135 0.2190000E+04 0.2533516E+00 0.3811217E+07
136 0.1495000E+04 0.2006389E+00 0.4453227E+07
137 0.3975000E+04 0.4891797E+00 0.3773819E+07
138 0.2370000E+04 0.3842507E+00 0.4665895E+07
139 0.5835000E+04 0.5291672E+00 0.3235948E+07
140 0.3285000E+04 0.4199984E+00 0.4309980E+07
141 0.1212500E+05 0.1157398E+01 0.3878093E+07
142 0.2345000E+04 0.2720118E+00 0.3816925E+07
143 0.1273500E+05 0.2932954E+01 0.7493681E+07
144 0.1660000E+04 0.2299882E+00 0.4308457E+07
145 0.1785000E+04 0.2533771E+00 0.4710311E+07
146 0.5650000E+04 0.5701898E+00 0.3315098E+07
147 0.3470000E+04 0.4592699E+00 0.4087519E+07
148 0.2450000E+04 0.2367452E+00 0.3373642E+07
149 0.1326000E+05 0.4617296E+01 0.1060682E+08
150 0.1630000E+04 0.2030340E+00 0.4027502E+07
